6.249    12.799
9.858    14.203
11.721    15.191
17.688    18.532
19.116    23.094
21.994    26.073
28.529    29.946
33.129    40.122
37.975    42.497
39.379    43.832
41.331    44.520
43.448    45.162
43.512    45.398
43.685    47.374
43.728    46.471
44.134    47.324
46.044    48.268
46.260    48.778
48.018    48.957
49.438    55.453
50.489    51.329
50.699    51.684
52.170    53.181
53.253    53.774
55.139    57.595
58.812    59.678
59.806    61.069
61.855    64.063
62.740    65.326
64.234    68.014
65.576    69.011
66.456    72.408
66.595    73.989
68.684    71.833
68.921    74.424
69.123    73.548
79.774    86.042
82.501    87.405
82.798    88.310
84.468    89.633
84.619    89.039
86.767    89.906
89.836    91.431
91.955    93.172
93.178    95.055
94.345    97.090
94.555    97.898
95.491    99.043
96.329    101.748
98.671    102.204
99.677    103.644
104.670    106.747
105.248    107.374
106.181    108.213
109.986    111.093
111.806    114.734
113.294    117.491
113.569    120.678
113.730    119.281
113.954    118.959
116.170    121.081
117.806    119.414
120.096    121.552
123.434    124.334
123.532    126.040
125.355    125.541
125.823    127.458
128.373    129.280
133.522    139.964
133.895    140.469
135.808    142.156
136.544    141.670
136.569    142.128
137.337    142.545
138.499    142.746
140.233    142.289
140.687    144.220
140.814    143.264
142.102    142.776
145.153    146.861
151.991    158.121
156.789    158.669
157.320    159.038
158.777    160.902
159.928    163.734
159.974    166.749
161.661    165.676
167.754    169.114
170.565    172.330
177.416    183.868
178.798    187.093
183.652    185.071
184.677    185.455
186.508    188.317
191.065    194.378
191.619    197.397
192.174    198.220
193.937    198.745
195.367    198.066
200.546    202.735
201.869    203.973
203.116    204.309
205.132    207.413
212.499    219.712
216.447    221.155
224.395    230.462
227.413    230.843
227.827    231.930
231.413    233.961
236.113    237.693
237.328    238.142
238.172    239.523
238.548    239.839
239.659    240.701
240.616    241.129
243.972    244.756
245.682    245.918
249.324    255.499
250.741    256.738
254.106    256.847
256.381    257.657
256.970    257.297
263.277    269.213
263.659    270.602
270.515    271.189
274.273    281.113
274.340    279.778
274.827    280.995
279.469    281.822
279.692    281.557
280.359    282.428
281.647    282.870
283.515    284.030
283.608    284.622
289.122    295.864
292.059    296.755
294.342    296.828
296.107    300.348
298.950    301.549
300.718    302.940
301.948    304.417
304.012    305.980
306.785    310.723
307.773    312.226
308.065    312.885
311.549    314.863
312.684    314.293
316.115    317.961
316.428    316.992
317.242    318.947
319.223    319.842
322.186    323.592
324.739    326.391
327.420    329.223
333.719    338.963
333.954    341.100
337.414    339.847
340.379    341.315
345.337    351.532
348.644    352.081
349.259    353.102
349.666    355.000
352.046    355.192
353.139    355.604
353.681    356.799
354.296    356.048
359.337    359.915
360.846    362.460
362.897    364.063
366.742    369.104
367.481    370.130
367.512    372.370
368.839    373.518
370.450    373.400
373.765    374.638
374.061    375.344
374.548    375.611
374.946    376.789
375.505    376.895
376.893    383.037
377.941    379.240
381.046    384.158
382.846    384.658
385.943    388.120
385.991    387.074
386.702    387.326
389.130    389.349
390.282    391.528
391.146    393.013
391.704    395.980
392.463    396.750
394.379    399.064
395.479    397.596
395.941    399.579
396.793    399.828
398.020    400.984
400.996    402.895
403.175    403.713
405.299    406.628
406.778    409.088
407.976    410.290
409.560    413.361
412.613    414.436
413.936    415.198
415.414    416.625
416.837    418.170
418.004    419.867
418.788    420.757
421.264    422.104
431.854    437.809
436.223    439.891
438.813    442.617
445.504    446.143
448.077    451.570
452.079    454.267
454.780    454.984
459.056    466.084
459.485    465.886
462.604    467.512
463.235    466.862
465.355    468.241
466.935    468.240
467.997    470.210
470.859    473.492
472.189    473.945
474.950    476.122
481.840    489.011
483.084    488.912
484.659    489.938
484.731    490.524
484.924    490.668
484.946    490.506
487.419    490.948
487.958    493.544
488.367    491.901
488.829    491.656
489.073    493.075
489.516    491.228
490.806    493.004
491.806    495.009
494.016    495.830
496.561    498.268
499.596    502.218
500.303    502.551
501.215    504.375
501.548    506.189
503.941    505.999
505.913    507.000
506.393    508.792
507.290    508.349
511.560    512.767
514.599    516.711
524.774    530.838
526.460    532.238
527.457    534.155
530.069    533.429
531.200    533.225
531.208    534.450
535.005    536.044
538.054    538.961
539.273    541.336
543.925    546.248
545.377    549.495
546.429    550.079
547.093    551.842
548.330    551.970
549.175    552.877
549.990    553.536
553.066    555.009
555.871    557.346
559.038    560.228
559.039    561.503
559.286    563.536
560.704    564.233
560.875    565.741
562.869    564.848
563.616    565.948
563.849    567.860
565.551    566.700
565.581    567.240
571.161    576.838
571.425    579.126
571.488    577.372
573.236    578.037
575.009    579.666
575.521    579.650
579.003    580.757
579.030    581.687
579.561    580.488
579.753    585.355
580.809    581.873
580.872    582.158
583.845    584.305
586.094    586.692
586.227    586.822
591.380    597.520
595.736    600.244
596.366    600.832
597.049    601.962
598.048    603.646
598.537    602.328
600.324    602.842
601.610    603.333
605.944    607.248
606.542    608.761
607.945    610.193
607.956    612.544
609.983    614.287
610.492    615.343
612.007    616.925
612.961    615.963
613.559    616.044
617.048    618.775
619.939    621.097
620.500    621.425
621.306    622.235
622.887    625.758
625.200    627.170
628.646    630.262
629.524    631.867
631.233    633.185
631.428    634.228
632.784    637.893
633.163    637.485
633.944    638.776
636.510    639.730
640.810    642.874
642.128    644.926
643.100    646.056
644.627    647.266
649.421    650.161
653.232    659.436
654.326    660.653
656.340    660.050
657.773    661.021
661.648    664.423
664.647    666.358
667.281    668.629
667.439    669.944
667.830    671.774
668.072    671.983
668.736    673.966
670.032    673.186
675.138    678.379
679.969    681.718
681.335    684.096
681.875    686.428
682.638    689.215
682.890    687.872
683.067    689.131
683.121    688.507
685.894    690.318
686.059    689.283
690.499    690.901
690.881    692.714
691.117    693.875
694.465    695.227
697.935    699.483
700.350    701.263
702.787    705.507
705.687    706.491
708.007    708.619
709.032    710.378
709.362    711.040
714.221    720.799
714.912    721.423
716.437    722.470
716.658    723.386
719.519    723.421
720.338    723.920
720.786    723.674
722.665    724.866
727.752    731.001
735.708    741.432
738.269    745.500
738.855    745.398
741.168    744.679
742.099    745.806
743.286    748.282
745.346    747.133
748.012    748.984
748.527    749.461
749.048    750.528
749.284    750.172
751.289    751.902
751.565    754.162
753.696    755.270
758.176    758.674
760.509    760.860
760.552    762.123
762.256    762.468
762.664    764.466
766.427    768.041
771.725    778.605
771.981    778.265
772.009    777.621
772.381    778.117
776.380    779.329
783.728    791.121
785.663    791.439
786.188    792.064
787.366    791.445
789.197    792.259
789.865    792.251
790.767    793.622
792.092    792.806
797.462    803.270
802.376    805.062
803.575    806.748
804.205    807.312
805.670    809.602
805.878    809.403
810.392    810.663
813.072    813.610
813.504    814.960
818.812    825.616
820.662    827.310
821.050    826.287
822.885    827.599
823.125    828.738
825.522    829.587
827.981    829.341
828.781    829.686
832.942    839.436
833.142    839.159
835.264    840.933
841.579    843.521
845.351    846.129
853.447    860.397
854.595    860.421
859.157    861.400
860.487    860.800
862.403    862.820
864.674    866.457
868.164    869.793
870.107    871.939
872.420    872.905
873.418    875.421
874.575    877.370
879.741    881.247
880.393    883.381
883.647    884.899
884.037    885.621
885.256    886.679
885.951    886.910
886.746    888.522
889.568    890.507
891.762    892.801
892.227    894.413
893.116    896.086
893.248    897.000
895.375    899.577
897.852    899.907
901.761    903.148
905.808    907.123
907.400    908.768
909.072    909.449
910.296    910.725
914.612    921.526
914.847    922.581
915.672    921.315
915.689    924.274
916.168    923.597
919.118    922.750
919.313    921.876
920.528    925.134
920.596    924.314
921.349    924.681
923.139    926.041
925.385    927.632
926.232    928.315
933.283    939.375
935.117    940.475
935.157    941.310
935.332    940.821
935.357    940.873
935.581    942.308
935.995    940.998
936.376    942.965
938.591    942.699
941.598    942.904
942.278    944.117
945.250    945.894
950.405    956.288
954.521    957.215
956.123    960.157
958.561    961.693
960.374    962.683
960.961    963.019
963.215    964.899
966.454    967.154
977.503    983.348
977.988    986.145
978.452    986.102
978.701    984.598
979.918    986.929
980.389    987.858
982.365    989.433
985.361    987.310
985.426    986.784
985.592    989.238
987.274    988.647
992.515    999.598
994.056    999.715
997.060    1001.951
998.400    1000.075
1001.917    1003.308
1012.032    1017.885
1013.808    1019.306
1014.256    1019.841
1014.362    1020.403
1014.838    1020.529
1017.184    1020.519
1018.204    1020.735
1018.638    1020.670
1020.898    1021.327
1022.009    1023.099
1023.248    1025.661
1028.536    1029.368
1028.597    1030.087
1032.533    1033.045
1033.592    1034.082
1034.955    1035.514
1035.629    1038.644
1035.776    1039.299
1036.035    1041.087
1036.190    1042.488
1038.342    1042.338
1038.761    1042.087
1044.242    1045.813
1045.536    1046.229
1050.308    1056.061
1050.754    1056.345
1053.799    1056.702
1058.911    1060.121
1060.111    1060.763
1062.133    1062.798
1065.184    1067.144
1065.638    1067.614
1067.500    1068.871
1069.333    1070.336
1070.072    1071.437
1070.956    1073.972
1074.087    1075.165
1074.903    1077.131
1078.719    1081.901
1078.887    1083.519
1083.367    1084.663
1085.399    1088.351
1086.035    1089.886
1087.392    1092.209
1093.933    1094.924
1096.783    1098.382
1097.757    1100.195
1098.795    1101.080
1099.280    1102.187
1102.761    1103.565
1102.985    1104.486
1103.180    1105.801
1110.118    1116.742
1114.349    1118.594
1114.696    1119.744
1119.731    1124.241
1120.603    1125.274
1122.536    1127.029
1123.547    1126.542
1124.721    1127.612
1125.251    1129.028
1131.755    1132.731
1133.858    1134.124
1143.431    1149.744
1144.391    1151.118
1146.793    1150.893
1148.223    1152.783
1150.164    1152.429
1150.957    1153.959
1151.910    1153.223
1152.204    1153.637
1152.503    1153.664
1154.054    1156.133
1157.082    1158.960
1157.872    1161.136
1159.530    1162.096
1160.516    1163.662
1166.068    1167.680
1171.150    1176.628
1171.808    1178.784
1173.805    1177.305
1174.905    1181.122
1177.710    1184.266
1183.365    1185.050
1187.392    1187.445
1188.018    1188.946
1189.347    1190.893
1194.768    1200.640
1197.085    1202.462
1198.844    1203.843
1200.309    1203.693
1202.824    1205.794
1203.750    1204.101
1209.766    1216.096
1210.680    1217.489
1211.316    1217.756
1213.121    1217.690
1220.450    1221.292
1220.948    1221.475
1221.195    1223.171
1224.269    1225.545
1224.820    1226.219
1227.156    1230.045
1227.713    1231.031
1228.267    1233.431
1229.244    1234.770
1231.693    1234.996
1232.796    1236.618
1232.867    1235.783
1239.353    1240.607
1241.783    1242.198
1242.064    1242.781
1242.651    1243.010
1242.957    1246.050
1248.793    1249.345
1248.797    1251.171
1250.145    1253.683
1251.856    1254.613
1252.782    1256.710
1252.861    1258.751
1252.968    1257.968
1259.374    1260.684
1259.436    1260.370
1267.093    1275.916
1270.353    1275.738
1272.293    1278.672
1272.805    1279.115
1273.282    1278.729
1273.767    1280.045
1276.929    1279.450
1278.923    1281.055
1279.439    1280.937
1279.895    1282.558
1280.235    1281.731
1281.704    1283.601
1290.356    1296.538
1291.973    1297.324
1292.707    1297.220
1300.483    1306.487
1303.592    1307.552
1308.669    1308.842
1310.726    1314.595
1310.905    1316.404
1312.622    1317.052
1313.206    1317.404
1314.316    1318.214
1316.122    1318.019
1324.607    1332.273
1324.947    1331.966
1324.972    1332.972
1325.774    1332.198
1326.162    1332.198
1331.283    1333.765
1331.635    1333.366
1341.242    1348.843
1341.350    1347.224
1342.008    1350.648
1344.195    1347.759
1345.016    1348.811
1347.176    1350.009
1349.183    1350.296
1355.135    1360.565
1356.588    1362.831
1358.936    1365.878
1359.023    1365.083
1360.064    1367.217
1360.797    1364.755
1366.539    1367.142
1366.991    1368.392
1369.172    1371.022
1370.727    1372.395
1372.963    1373.665
1375.106    1375.525
1377.780    1381.012
1379.115    1383.007
1380.121    1383.565
1383.136    1385.826
1383.199    1387.985
1387.510    1389.100
1389.827    1391.490
1389.943    1393.629
1395.471    1397.055
1402.590    1408.019
1403.218    1409.815
1405.025    1410.010
1409.780    1412.042
1411.064    1414.656
1412.063    1412.685
1412.548    1414.639
1413.865    1415.504
1415.525    1417.372
1415.935    1417.110
1416.243    1418.104
1418.499    1420.984
1434.919    1441.306
1435.003    1441.760
1436.214    1442.767
1440.239    1444.155
1441.524    1443.204
1442.161    1443.023
1444.776    1445.853
1445.456    1447.109
1446.988    1448.659
1449.490    1451.796
1452.177    1452.428
1453.587    1455.785
1454.743    1457.217
1456.011    1458.574
1456.204    1460.638
1457.377    1461.845
1458.663    1462.696
1459.042    1465.952
1459.529    1464.770
1460.475    1464.809
1461.137    1464.850
1462.954    1465.840
1464.222    1465.161
1466.104    1467.307
1467.287    1468.061
1468.758    1470.099
1472.598    1476.176
1473.974    1477.310
1474.855    1478.068
1475.603    1479.027
1476.609    1481.064
1477.258    1479.834
1482.468    1482.872
1487.024    1492.915
1489.701    1493.394
1489.925    1494.623
1491.880    1495.334
1493.479    1496.093
1498.896    1502.456
1499.613    1504.805
1500.275    1507.195
1501.869    1505.698
1504.735    1506.317
1505.846    1506.496
1507.199    1507.532
1508.041    1509.672
1508.541    1509.812
1510.533    1511.785
1513.096    1514.684
1514.855    1516.261
1517.598    1517.804
1518.187    1518.298
1518.366    1519.061
1518.836    1520.618
1520.165    1522.221
1524.507    1525.695
1524.758    1526.556
1526.027    1527.874
1536.722    1545.739
1538.663    1544.220
1538.706    1544.487
1539.579    1545.309
1542.852    1546.658
1547.022    1552.451
1547.133    1548.540
1548.533    1553.073
1550.398    1554.532
1550.953    1554.028
1551.286    1554.746
1553.239    1555.644
1554.514    1556.768
1556.099    1557.908
1557.578    1558.458
1560.136    1560.991
1560.431    1561.699
1562.315    1563.883
1563.127    1566.012
1564.094    1565.018
1567.530    1568.110
1569.974    1570.705
1572.181    1573.654
1574.644    1575.487
1574.763    1576.138
1575.280    1579.020
1576.554    1580.399
1578.792    1581.739
1580.051    1582.683
1585.482    1586.276
1585.960    1586.964
1587.020    1587.396
1589.454    1589.959
1590.626    1592.021
1591.364    1593.179
1594.461    1594.848
1595.975    1598.380
1596.220    1600.608
1598.658    1600.950
1598.908    1602.798
1602.108    1603.692
1602.469    1607.004
1603.045    1607.325
1603.298    1609.683
1604.028    1609.478
1604.197    1608.814
1606.973    1609.726
1610.447    1612.310
1612.488    1614.294
1613.637    1616.346
1614.932    1617.787
1615.272    1619.348
1618.747    1620.161
1620.667    1621.045
1623.826    1625.790
1625.161    1629.201
1634.144    1639.942
1636.679    1641.674
1637.778    1643.659
1638.942    1642.769
1639.024    1644.193
1639.886    1644.643
1639.991    1644.817
1640.315    1644.305
1643.747    1644.817
1645.162    1645.628
1646.460    1648.378
1647.253    1647.770
1649.574    1653.053
1650.384    1652.825
1650.854    1654.702
1654.113    1655.347
1654.576    1655.873
1656.982    1658.266
1660.174    1661.078
1660.969    1662.326
1661.604    1663.408
1662.421    1664.390
1665.557    1666.959
1665.572    1669.180
1667.529    1670.206
1669.783    1671.236
1672.273    1674.431
1677.491    1683.490
1682.052    1684.972
1688.062    1694.701
1691.724    1695.895
1692.422    1698.219
1696.689    1703.638
1697.280    1703.153
1698.257    1703.939
1701.392    1704.860
1701.552    1705.168
1701.902    1706.079
1705.308    1706.789
1705.509    1706.699
1707.101    1709.746
1710.616    1712.178
1716.542    1723.301
1718.384    1725.482
1718.739    1723.795
1723.679    1725.147
1724.480    1726.881
1726.523    1728.382
1727.304    1728.863
1727.609    1729.612
1728.267    1730.502
1730.784    1731.763
1731.390    1732.287
1731.953    1734.450
1732.183    1739.622
1735.600    1736.362
1740.417    1740.923
1748.766    1754.566
1749.150    1756.109
1751.495    1757.671
1752.972    1756.814
1753.154    1759.054
1753.367    1757.826
1755.345    1759.241
1756.629    1758.538
1758.371    1760.031
1759.820    1760.960
1760.140    1760.995
1763.912    1764.807
1765.476    1769.243
1767.358    1770.236
1769.393    1772.503
1770.524    1774.210
1771.933    1775.518
1772.547    1775.936
1775.107    1777.436
1776.286    1777.239
1776.311    1779.815
1776.364    1778.869
1777.143    1779.784
1785.778    1793.364
1788.409    1793.651
1788.657    1794.034
1790.598    1794.242
1792.052    1795.934
1793.494    1794.518
1793.729    1794.965
1795.004    1795.822
1795.224    1796.977
1796.106    1796.893
1797.789    1801.307
1799.375    1800.357
1799.461    1801.017
1804.296    1807.122
1805.463    1807.296
1805.521    1808.504
1806.393    1809.647
1806.906    1811.098
1808.677    1811.533
1809.845    1811.888
1810.136    1811.846
1810.169    1813.989
1810.351    1812.867
1810.696    1814.067
1814.660    1815.493
1820.130    1827.022
1825.328    1827.253
1827.010    1829.557
1827.611    1830.620
1830.321    1831.063
1830.619    1832.350
1831.600    1834.112
1832.835    1835.213
1834.223    1835.655
1836.288    1837.925
1837.777    1839.644
1842.814    1850.566
1844.220    1852.148
1851.174    1853.592
1852.458    1854.079
1852.463    1854.278
1854.058    1854.912
1854.794    1857.479
1857.603    1858.268
1858.415    1859.155
1860.024    1861.918
1860.288    1863.318
1860.458    1865.062
1860.739    1866.466
1861.187    1865.834
1861.349    1866.602
1864.949    1867.298
1865.162    1867.826
1867.696    1869.092
1870.324    1871.794
1870.492    1871.580
1870.957    1873.559
1871.605    1872.275
1875.086    1877.027
1876.754    1878.258
1878.589    1881.258
1879.233    1883.352
1883.617    1883.954
1885.750    1886.992
1886.389    1887.860
1889.369    1889.945
1889.894    1891.922
1890.014    1896.921
1895.751    1900.428
1898.763    1901.426
1901.314    1901.738
1901.686    1902.166
1904.423    1905.944
1905.083    1907.002
1906.689    1908.349
1907.920    1908.888
1908.772    1909.792
1909.112    1911.375
1910.062    1913.045
1913.470    1914.863
1913.509    1916.223
1914.666    1916.588
1918.175    1920.206
1921.335    1923.578
1924.615    1925.756
1925.829    1926.569
1929.165    1929.614
1929.747    1930.606
1930.163    1933.381
1930.906    1934.297
1934.601    1935.503
1935.165    1937.017
1935.455    1940.261
1937.506    1945.119
1938.832    1944.447
1939.214    1945.560
1939.421    1945.632
1945.434    1946.764
1953.789    1959.757
1957.207    1960.777
1957.276    1961.358
1962.365    1962.869
1962.889    1964.100
1964.513    1966.355
1967.159    1968.504
1967.574    1969.148
1975.941    1982.482
1976.803    1984.692
1982.292    1983.579
1985.557    1987.454
1987.746    1987.932
1993.078    1999.148
1993.916    1999.738
1999.055    2000.426
1999.409    2000.532
2005.340    2011.233
2008.218    2013.408
2008.272    2013.951
2008.959    2013.812
2009.078    2013.714
2009.086    2014.783
2010.229    2015.098
2010.582    2015.406
2010.772    2015.456
2011.649    2014.458
2011.874    2015.082
2013.430    2017.099
2015.218    2016.332
2015.266    2017.028
2015.593    2017.731
2017.144    2019.304
2017.246    2017.967
2018.691    2021.787
2018.886    2019.527
2019.836    2022.582
2021.644    2022.410
2021.741    2022.567
2021.742    2024.128
2022.587    2023.801
2024.236    2026.409
2026.145    2027.868
2026.231    2028.396
2029.550    2032.679
2031.512    2034.734
2037.313    2039.874
2038.713    2040.386
2044.664    2052.451
2045.527    2051.204
2047.718    2053.358
2047.874    2055.259
2051.009    2054.945
2053.506    2055.793
2054.155    2056.093
2054.663    2057.025
2054.930    2058.292
2055.806    2056.845
2058.940    2059.131
2064.870    2070.670
2065.955    2072.041
2066.048    2071.627
2069.611    2073.818
2070.002    2072.019
2070.769    2073.789
2073.729    2075.412
2077.597    2078.776
2079.110    2080.517
2079.211    2081.003
2080.050    2081.562
2082.162    2082.940
2085.373    2086.323
2087.000    2091.170
2089.086    2091.739
2089.203    2092.287
2096.186    2103.996
2099.372    2105.388
2100.041    2105.451
2100.493    2105.175
2101.833    2105.576
2103.781    2106.532
2105.046    2106.550
2106.317    2107.039
2106.755    2108.216
2108.703    2109.845
2111.907    2114.324
2116.708    2117.167
2118.362    2119.582
2119.039    2120.035
2121.420    2122.400
2122.199    2124.179
2124.452    2126.161
2124.762    2127.250
2126.944    2128.480
2127.709    2129.812
2127.984    2130.900
2128.133    2134.042
2131.640    2138.354
2131.962    2138.632
2133.645    2138.919
2135.734    2139.436
2139.212    2141.250
2140.078    2141.686
2142.462    2144.046
2142.552    2143.119
2143.782    2144.373
2144.220    2144.861
2147.465    2149.452
2147.804    2150.364
2149.448    2151.547
2154.118    2155.903
2158.601    2160.916
2161.535    2162.533
2162.380    2163.560
2162.418    2164.680
2164.468    2165.861
2166.815    2167.270
2169.114    2170.416
2169.278    2170.773
2171.018    2172.067
2171.935    2173.105
2172.980    2173.537
2174.026    2175.771
2174.828    2177.497
2175.874    2179.662
2176.225    2181.976
2181.932    2182.179
2182.871    2183.914
2189.069    2195.873
2192.047    2198.062
2193.951    2199.976
2194.232    2199.230
2195.043    2199.904
2197.155    2202.048
2197.174    2199.759
2199.562    2201.078
2199.773    2201.465
2201.939    2203.013
2202.382    2202.808
2206.546    2213.103
2207.975    2215.017
2208.579    2215.731
2211.282    2216.098
2212.412    2217.486
2214.414    2216.578
2215.343    2217.288
2215.733    2217.213
2218.671    2220.555
2221.082    2222.245
2222.240    2223.624
2229.735    2235.034
2230.949    2236.573
2230.978    2237.152
2231.154    2237.070
2235.292    2237.558
2241.852    2247.502
2243.032    2248.969
2245.089    2249.802
2245.326    2250.534
2249.305    2250.088
2252.747    2256.328
2258.912    2259.323
2260.737    2262.955
2264.139    2265.121
2264.766    2267.588
2265.031    2269.305
2265.134    2270.138
2269.664    2270.645
2271.120    2271.298
2272.788    2273.186
2273.462    2274.987
2280.546    2287.392
2280.870    2286.765
2281.204    2287.532
2283.166    2287.614
2286.957    2288.007
2288.217    2289.342
2288.967    2290.041
2291.563    2292.338
2295.046    2296.673
2303.760    2309.615
2304.311    2309.969
2306.757    2311.048
2306.912    2311.166
2308.698    2312.809
2310.055    2312.134
2311.497    2314.126
2311.542    2315.359
2314.892    2317.979
2315.139    2316.192
2320.164    2320.644
2320.742    2323.275
2325.999    2328.280
2330.565    2332.764
2332.843    2333.477
2334.431    2336.472
2335.581    2337.494
2337.139    2340.357
2338.976    2341.578
2339.647    2343.009
2340.229    2344.918
2345.379    2345.659
2347.660    2349.960
2350.814    2352.635
2351.044    2354.691
2351.608    2355.413
2357.758    2358.635
2363.875    2369.641
2363.896    2372.183
2364.088    2371.680
2364.621    2370.287
2365.024    2369.999
2365.068    2371.015
2365.226    2371.467
2366.431    2371.809
2369.321    2372.969
2371.516    2373.786
2374.371    2375.261
2374.860    2375.174
2379.181    2386.393
2379.515    2385.920
2379.874    2386.133
2383.135    2387.025
2392.223    2399.653
2399.335    2400.531
2399.338    2402.356
2399.635    2403.106
2399.644    2403.827
2404.168    2405.015
2404.657    2406.704
2409.063    2410.469
2410.789    2413.270
2410.902    2414.554
2411.122    2417.588
2411.501    2416.543
2411.754    2417.270
2412.481    2417.714
2413.038    2418.600
2414.450    2417.687
2414.934    2419.831
2419.090    2419.678
2422.099    2423.346
2423.521    2424.258
2423.666    2424.937
2428.552    2434.906
2429.811    2436.957
2430.010    2436.560
2430.171    2436.203
2431.266    2437.271
2431.569    2437.864
2432.711    2437.473
2432.950    2439.422
2433.802    2439.245
2434.108    2438.786
2436.443    2439.278
2440.721    2441.858
2442.664    2443.974
2445.184    2446.738
2445.295    2449.000
2446.688    2449.763
2453.295    2460.719
2455.244    2463.495
2456.022    2461.055
2458.172    2462.485
2462.754    2463.503
2463.421    2465.226
2464.034    2466.701
2465.122    2465.593
2473.959    2481.003
2477.099    2482.486
2477.116    2483.939
2479.153    2483.640
2481.671    2482.971
2485.519    2487.019
2488.327    2491.170
2488.697    2492.022
2493.130    2495.586
2493.424    2496.473
2494.850    2497.653
2497.734    2500.568
2498.911    2503.514
2499.568    2504.454
2501.506    2504.820
2505.296    2506.755
2506.612    2507.705
2510.214    2512.423
2510.750    2513.209
2511.953    2514.445
2512.238    2515.705
2513.606    2517.361
2514.759    2518.279
2515.954    2520.688
2516.460    2519.181
2518.027    2520.327
2519.412    2521.629
2526.778    2532.928
2527.968    2534.985
2528.675    2534.021
2529.567    2534.909
2530.051    2536.472
2530.373    2534.986
2530.443    2536.807
2531.366    2537.924
2533.580    2535.918
2537.352    2538.183
2541.082    2543.694
2548.806    2554.627
2550.069    2555.692
2550.637    2556.477
2551.413    2557.019
2552.171    2556.635
2552.266    2557.096
2554.010    2557.621
2560.135    2561.974
2563.346    2564.112
2565.675    2567.278
2570.008    2572.360
2570.729    2573.476
2571.446    2574.342
2575.126    2575.994
2582.852    2590.037
2591.697    2592.245
2593.172    2595.361
2593.946    2597.569
2595.370    2598.773
2599.805    2601.433
2603.581    2604.462
2605.372    2607.733
2610.734    2616.735
2616.416    2617.762
2620.310    2623.074
2620.560    2626.385
2623.887    2627.117
2624.321    2627.462
2625.537    2629.517
2625.848    2629.145
2627.874    2630.687
2632.866    2633.807
2633.296    2635.464
2634.793    2636.090
2640.043    2646.349
2644.983    2647.035
2645.178    2649.641
2649.681    2653.210
2650.793    2654.883
2651.377    2655.591
2651.830    2656.518
2652.997    2656.823
2653.541    2657.733
2653.647    2657.434
2655.000    2659.496
2655.150    2657.767
2655.990    2660.410
2659.102    2660.379
2660.154    2661.874
2662.467    2664.396
2668.584    2675.690
2671.523    2676.959
2671.977    2679.331
2681.278    2682.433
2690.929    2697.948
2693.573    2699.981
2693.635    2699.638
2696.573    2699.632
2697.088    2701.507
2702.763    2703.743
2703.553    2705.501
2704.249    2707.885
2705.496    2709.300
2705.543    2711.615
2705.729    2710.974
2706.050    2711.801
2707.433    2712.058
2707.631    2711.959
2709.845    2711.955
2711.024    2712.068
2713.711    2717.896
2714.010    2714.629
2714.372    2714.687
2717.694    2719.415
2723.032    2729.368
2724.734    2730.915
2734.632    2740.491
2736.121    2741.647
2741.026    2743.255
2744.235    2745.465
2745.201    2745.631
2745.385    2745.975
2747.460    2748.064
2748.657    2752.311
2752.584    2753.315
2753.184    2753.900
2753.490    2756.254
2757.229    2759.029
2758.683    2760.446
2759.304    2761.972
2762.467    2763.191
2762.604    2764.322
2762.663    2766.638
2777.911    2783.835
2778.732    2785.117
2783.510    2784.219
2784.080    2785.035
2784.436    2787.887
2784.481    2785.839
2786.235    2788.374
2787.800    2789.162
2788.263    2791.517
2791.233    2792.616
2792.438    2793.553
2797.249    2803.865
2799.244    2804.409
2800.173    2804.409
2801.736    2805.898
2801.805    2805.791
2803.001    2806.917
2803.486    2806.949
2804.880    2807.674
2807.307    2808.251
2809.493    2813.384
2809.631    2814.584
2811.314    2813.637
2811.405    2817.265
2814.128    2815.438
2825.603    2831.103
2827.417    2831.862
2828.534    2832.513
2829.891    2833.730
2836.898    2844.484
2842.069    2845.238
2845.442    2848.169
2845.759    2848.728
2851.377    2852.006
2854.127    2855.371
2858.971    2865.257
2859.248    2868.832
2862.832    2866.112
2866.252    2868.597
2868.231    2870.074
2870.505    2871.069
2873.649    2874.435
2874.036    2875.692
2875.486    2875.800
2882.374    2889.781
2883.898    2890.571
2886.310    2892.029
2890.236    2892.161
2890.880    2893.735
2891.514    2893.909
2894.120    2895.356
2895.798    2896.763
2896.389    2897.044
2896.610    2898.469
2901.137    2902.808
2903.817    2904.547
2905.852    2908.357
2906.357    2910.716
2909.375    2911.408
2913.116    2913.850
2918.190    2928.934
2922.931    2928.635
2923.877    2931.009
2934.596    2941.881
2935.258    2941.987
2939.905    2943.966
2942.326    2944.651
2946.028    2946.437
2946.484    2947.837
2946.777    2949.069
2949.565    2950.528
2951.303    2953.550
2960.993    2968.743
2964.159    2969.623
2968.305    2970.714
2968.493    2972.950
2969.218    2973.463
2978.443    2983.991
2978.827    2984.971
2979.075    2985.091
2979.925    2986.397
2986.702    2987.579
2987.266    2989.680
2987.378    2988.867
2991.044    2991.996
2991.506    2992.079
2992.420    2993.082
2992.924    2993.723
2998.090    3003.438
2998.354    3003.852
3002.073    3004.330
3003.175    3005.969
3007.868    3009.269
3011.624    3013.155
3011.958    3015.776
3012.874    3017.031
3013.572    3018.727
3021.223    3022.289
3021.982    3024.090
3022.592    3024.373
3027.726    3034.384
3029.054    3034.971
3036.873    3037.817
3047.143    3054.260
3048.002    3054.079
3050.201    3055.763
3051.686    3054.888
3052.505    3055.486
3053.585    3057.015
3057.320    3058.033
3061.034    3067.021
3061.049    3066.616
3064.792    3067.943
3065.927    3070.384
3066.397    3069.885
3067.223    3071.373
3068.038    3070.659
3068.363    3070.960
3070.069    3071.386
3075.332    3080.860
3077.468    3082.727
3077.497    3083.151
3082.478    3085.282
3082.855    3085.561
3084.587    3086.396
3087.468    3088.173
3087.768    3089.238
3088.951    3089.277
3089.662    3090.293
3091.314    3092.837
3091.648    3092.927
3093.170    3093.923
3093.730    3094.243
3097.075    3098.766
3097.465    3100.078
3098.360    3100.685
3104.070    3109.795
3105.851    3112.265
3107.595    3112.003
3108.975    3113.964
3115.195    3116.704
3118.392    3119.966
3124.365    3130.890
3129.883    3131.531
3137.064    3143.453
3153.923    3160.458
3155.831    3162.499
3157.629    3164.087
3160.299    3165.359
3163.684    3164.747
3169.331    3175.466
3169.679    3177.215
3172.267    3177.226
3172.555    3179.271
3173.742    3179.865
3177.153    3178.354
3177.389    3178.732
3179.188    3179.700
3182.335    3184.552
3182.596    3183.976
3185.550    3186.539
3187.670    3188.386
3197.857    3203.539
3198.232    3206.126
3199.115    3204.876
3199.392    3204.576
3199.706    3205.749
3203.016    3207.035
3203.781    3205.535
3204.895    3205.492
3206.590    3208.042
3207.446    3208.178
3208.477    3209.075
3209.837    3210.574
3212.282    3213.331
3212.734    3216.369
3217.369    3218.873
3218.090    3219.603
3221.382    3223.925
3222.208    3225.532
3226.596    3228.460
3228.131    3230.344
3228.136    3231.082
3232.908    3234.159
3234.514    3236.295
3238.555    3239.776
3242.380    3243.975
3246.446    3247.866
3251.721    3258.011
3255.388    3260.051
3255.531    3261.196
3255.753    3262.187
3257.476    3261.886
3261.892    3264.727
3263.783    3264.683
3264.520    3266.305
3266.665    3267.531
3267.624    3269.089
3267.662    3269.734
3268.023    3270.457
3269.626    3272.499
3270.717    3271.809
3271.003    3273.444
3271.102    3275.083
3271.116    3274.454
3277.042    3280.106
3280.811    3281.032
3284.709    3290.765
3286.648    3292.393
3287.017    3293.629
3289.006    3293.180
3289.512    3293.145
3292.304    3294.374
3295.301    3296.640
3298.621    3300.625
3299.814    3302.027
3304.094    3305.929
3304.594    3306.858
3310.165    3315.654
3310.435    3316.495
3314.771    3316.540
3319.957    3326.502
3321.989    3328.612
3323.136    3329.667
3330.415    3331.591
3333.889    3337.278
3341.988    3348.937
3342.727    3349.816
3343.417    3348.670
3343.589    3349.389
3350.181    3350.629
3351.947    3354.889
3352.574    3357.444
3355.317    3358.597
3360.225    3362.460
3360.654    3363.774
3361.312    3365.471
3361.969    3366.555
3368.421    3369.888
3372.162    3374.516
3376.803    3379.675
3380.084    3381.300
3381.088    3382.610
3383.519    3384.677
3384.892    3385.682
3389.313    3395.628
3391.810    3397.717
3394.960    3397.728
3397.527    3399.524
3398.588    3399.168
3398.864    3402.578
3399.224    3401.068
3399.326    3402.427
3401.068    3402.571
3403.266    3405.935
3405.453    3406.871
3406.099    3407.001
3408.619    3415.542
3415.179    3417.905
3416.007    3418.323
3417.400    3419.062
3420.467    3421.973
3421.369    3424.520
3426.085    3427.595
3426.655    3430.021
3430.191    3430.873
3432.997    3433.864
3433.886    3434.864
3435.832    3437.059
3436.000    3438.039
3438.722    3440.165
3442.318    3443.005
3444.083    3446.119
3445.665    3448.388
3449.856    3451.559
3449.904    3453.188
3451.833    3455.192
3453.109    3455.835
3455.108    3458.332
3455.453    3457.463
3457.423    3459.870
3458.025    3458.591
3458.265    3460.669
3459.393    3461.430
3459.413    3461.981
3459.440    3462.092
3460.118    3462.816
3472.265    3478.425
3473.083    3480.132
3473.219    3479.942
3474.158    3480.513
3476.162    3480.069
3477.200    3480.461
3483.120    3483.886
3485.820    3486.942
3487.594    3490.809
3489.420    3491.997
3489.840    3492.503
3495.728    3502.738
3496.695    3502.065
3497.061    3502.729
3497.117    3504.529
3505.753    3506.108
3510.955    3517.447
3513.639    3519.114
3513.918    3520.415
3525.516    3531.830
3525.576    3531.918
3530.227    3533.100
3533.510    3534.798
3533.696    3536.061
3537.749    3538.981
3538.153    3541.248
3541.508    3542.907
3543.317    3544.223
3544.162    3548.441
3545.384    3550.289
3553.552    3559.651
3553.558    3560.610
3561.874    3563.278
3563.365    3564.845
3569.453    3574.995
3570.566    3576.085
3575.028    3577.908
3576.278    3578.889
3577.233    3579.513
3579.359    3581.845
3582.522    3583.596
3585.098    3585.980
3586.743    3588.244
3591.323    3598.209
3593.149    3600.341
3593.388    3599.340
3593.551    3599.236
3597.183    3600.391
3601.470    3604.043
3604.111    3605.820
3607.590    3608.510
3609.886    3611.562
3612.027    3613.239
3613.099    3614.535
3616.486    3617.264
3616.553    3618.493
3618.918    3620.957
3619.209    3623.252
3625.102    3628.992
3625.984    3629.710
3626.150    3632.906
3627.912    3632.369
3628.958    3632.122
3630.370    3634.381
3631.428    3635.337
3631.896    3633.528
3632.341    3638.117
3634.789    3635.726
3635.015    3636.485
3639.371    3641.122
3640.257    3642.757
3647.086    3653.781
3647.895    3654.454
3649.813    3654.905
3650.196    3655.830
3651.171    3655.968
3653.586    3656.092
3654.119    3658.820
3659.148    3661.213
3661.615    3662.642
3662.516    3663.139
3666.719    3673.341
3666.949    3672.470
3670.505    3675.204
3675.326    3676.135
3675.527    3677.368
3680.708    3686.913
3683.066    3687.314
3683.218    3688.780
3685.177    3689.626
3687.191    3689.983
3691.655    3692.120
3704.114    3711.095
3704.693    3711.242
3707.919    3713.129
3708.791    3712.455
3711.918    3713.234
3716.251    3723.300
3716.413    3721.526
3718.030    3723.355
3721.484    3723.665
3722.781    3725.197
3722.962    3724.663
3723.724    3724.318
3728.022    3729.484
3730.524    3730.995
3732.898    3733.443
3733.707    3734.203
3739.150    3746.771
3739.999    3748.196
3740.976    3746.702
3743.334    3748.092
3747.898    3748.707
3749.303    3751.430
3754.433    3759.695
3755.420    3761.134
3755.650    3763.418
3755.681    3761.407
3767.823    3775.755
3768.641    3774.223
3769.333    3775.039
3770.443    3774.892
3771.104    3777.551
3774.001    3777.352
3778.087    3781.390
3779.962    3780.715
3780.106    3781.540
3781.636    3785.570
3783.252    3783.809
3784.384    3784.968
3788.741    3796.359
3789.392    3794.988
3791.660    3795.840
3795.319    3798.085
3796.913    3798.515
3799.103    3801.766
3800.278    3801.370
3801.053    3802.799
3801.069    3802.859
3802.899    3804.721
3804.942    3806.025
3810.751    3816.408
3811.862    3816.888
3812.667    3817.379
3813.710    3817.576
3815.180    3818.517
3815.505    3819.620
3817.682    3819.557
3817.703    3819.772
3820.838    3821.906
3823.858    3825.717
3828.442    3829.260
3828.895    3829.865
3829.466    3831.884
3834.080    3835.148
3835.660    3836.795
3837.050    3838.330
3837.512    3840.361
3838.584    3841.810
3839.003    3842.926
3841.894    3843.638
3842.315    3846.184
3844.994    3847.635
3846.823    3850.220
3847.351    3851.428
3848.804    3853.498
3858.208    3863.817
3858.778    3865.194
3860.941    3865.357
3864.571    3865.998
3869.298    3875.434
3869.986    3875.597
3870.829    3877.827
3871.088    3877.799
3871.160    3878.279
3873.633    3877.646
3876.725    3878.193
3877.430    3878.800
3882.543    3888.925
3883.171    3889.927
3883.274    3889.631
3893.618    3899.286
3895.855    3900.619
3899.058    3901.812
3899.770    3901.643
3900.541    3902.788
3905.530    3907.451
3905.561    3909.737
3911.513    3913.970
3911.658    3915.503
3913.315    3919.037
3913.441    3917.613
3921.179    3922.945
3921.949    3924.877
3923.722    3927.107
3924.031    3928.228
3924.441    3929.029
3928.715    3929.876
3930.724    3932.187
3937.371    3942.810
3938.450    3944.950
3938.762    3946.992
3940.318    3944.869
3942.667    3945.598
3945.659    3947.053
3947.365    3948.312
3951.775    3958.004
3952.119    3958.441
3954.111    3959.040
3954.880    3959.377
3956.763    3960.769
3962.842    3964.313
3963.059    3965.059
3963.124    3966.585
3964.887    3968.144
3966.415    3969.135
3966.966    3969.301
3973.142    3979.224
3976.309    3981.044
3976.538    3982.071
3978.092    3983.380
3984.055    3984.278
3984.969    3986.284
3985.392    3988.660
3986.144    3991.486
3988.244    3992.774
3990.007    3992.136
3990.859    3993.243
3995.151    3996.507
3996.524    3998.809
4000.048    4000.901
4000.924    4002.078
4001.552    4002.954
4002.657    4003.859
4003.567    4004.939
4004.110    4006.092
4004.204    4006.427
4005.830    4008.100
4006.906    4010.140
4008.287    4011.181
4009.352    4013.054
4009.555    4014.548
4012.817    4014.909
4013.890    4015.744
4017.129    4017.989
4017.748    4019.661
4020.979    4022.123
4023.506    4025.212
4029.078    4036.007
4029.318    4035.995
4029.463    4034.634
4033.803    4035.805
4034.127    4036.725
4034.269    4038.968
4037.581    4038.250
4037.598    4038.362
4040.516    4042.537
4040.532    4040.854
4043.330    4044.589
4046.510    4047.562
4046.787    4049.373
4054.235    4060.514
4054.873    4061.006
4058.265    4061.875
4064.780    4066.365
4067.030    4068.152
4067.422    4069.248
4069.359    4070.152
4072.906    4073.375
4073.499    4074.486
4075.476    4077.493
4078.631    4080.186
4078.643    4081.715
4080.318    4082.624
4082.847    4083.297
4084.891    4086.365
4085.414    4087.222
4085.511    4088.326
4088.919    4090.305
4090.336    4094.080
4098.211    4105.180
4098.289    4104.632
4098.778    4106.117
4101.231    4106.598
4101.946    4106.371
4103.855    4108.371
4106.338    4108.294
4106.696    4110.327
4109.977    4110.751
4110.979    4112.180
4111.010    4112.945
4111.034    4113.019
4116.936    4123.773
4119.445    4126.388
4123.682    4125.614
4125.553    4126.737
4125.857    4127.099
4130.756    4136.518
4131.233    4136.794
4136.897    4139.855
4139.664    4141.232
4140.573    4142.742
4140.618    4144.818
4141.811    4146.138
4146.253    4147.749
4147.392    4149.130
4156.799    4162.706
4157.217    4164.107
4157.804    4166.729
4162.786    4164.960
4166.347    4167.303
4167.287    4169.860
4172.404    4173.344
4175.996    4177.154
4178.394    4180.102
4178.595    4180.915
4180.226    4182.727
4184.869    4185.827
4186.010    4187.001
4188.266    4189.258
4189.373    4190.495
4190.479    4191.081
4190.587    4192.028
4193.692    4195.041
4193.891    4197.081
4194.852    4198.191
4195.008    4201.167
4196.104    4199.644
4198.284    4201.038
4198.969    4201.845
4199.257    4202.140
4199.712    4203.106
4201.505    4203.182
4203.547    4204.719
4206.095    4207.499
4206.639    4207.877
4209.484    4210.828
4210.115    4211.604
4211.556    4214.554
4216.825    4217.523
4220.315    4221.800
4226.175    4232.202
4228.228    4233.378
4228.946    4233.612
4230.668    4234.240
4235.076    4236.865
4235.729    4236.898
4239.288    4240.044
4247.108    4254.923
4247.314    4255.218
4251.927    4255.850
4254.611    4257.183
4254.840    4257.303
4257.776    4258.856
4261.494    4262.467
4261.708    4264.732
4262.363    4265.982
4265.438    4267.617
4266.124    4269.032
4269.611    4270.195
4275.196    4281.324
4275.628    4281.305
4275.800    4284.075
4280.990    4282.598
4281.588    4282.141
4286.881    4290.049
4287.682    4290.777
4287.722    4292.008
4289.508    4293.081
4290.098    4293.537
4297.455    4303.873
4297.790    4304.390
4299.283    4304.904
4300.453    4305.128
4301.011    4305.735
4301.142    4305.852
4306.980    4308.727
4311.773    4317.803
4312.669    4319.583
4316.562    4320.911
4317.219    4320.113
4317.965    4321.708
4324.103    4325.714
4324.212    4327.571
4330.528    4331.305
4331.196    4335.613
4331.826    4337.988
4331.975    4337.360
4333.848    4339.785
4333.912    4339.974
4333.952    4338.729
4335.513    4342.871
4336.236    4340.090
4337.798    4341.313
4341.830    4344.691
4342.651    4343.874
4345.246    4345.957
4348.000    4349.880
4350.296    4352.841
4351.366    4354.235
4356.352    4358.287
4356.419    4360.789
4357.006    4362.071
4357.770    4362.330
4367.367    4374.618
4369.222    4377.219
4370.007    4375.860
4372.918    4376.923
4376.844    4377.871
4376.970    4377.657
4379.955    4380.593
4380.312    4380.870
4380.567    4381.172
4384.893    4390.453
4387.583    4391.723
4389.377    4393.468
4389.581    4394.351
4391.026    4394.278
4394.882    4396.283
4395.061    4397.276
4396.954    4399.762
4398.542    4399.380
4398.806    4400.159
4399.007    4400.756
4401.682    4402.207
4402.303    4404.462
4402.858    4403.964
4403.898    4406.591
4405.007    4406.318
4406.958    4407.959
4407.343    4409.065
4408.922    4409.739
4409.179    4411.172
4411.740    4413.327
4412.016    4413.242
4412.113    4415.085
4413.976    4415.190
4415.719    4417.999
4417.562    4418.255
4420.759    4421.489
4421.775    4423.404
4423.892    4426.231
4424.348    4427.175
4425.125    4428.538
4426.307    4430.526
4428.561    4432.088
4428.785    4434.074
4429.381    4435.317
4430.651    4434.273
4431.051    4434.497
4432.952    4435.205
4433.161    4438.438
4433.683    4436.067
4437.660    4438.288
4439.137    4440.121
4441.717    4443.200
4442.790    4444.213
4445.425    4448.038
4451.835    4457.799
4460.667    4462.075
4461.716    4462.815
4462.466    4465.652
4463.244    4466.361
4463.711    4467.521
4465.741    4469.073
4468.013    4471.010
4471.068    4473.865
4471.760    4474.288
4476.340    4477.233
4476.918    4477.638
4478.606    4480.587
4478.697    4482.001
4480.630    4485.185
4482.493    4486.373
4484.052    4488.538
4485.073    4489.249
4486.222    4489.286
4487.257    4491.326
4488.382    4492.090
4488.613    4489.584
4489.243    4491.179
4490.318    4492.530
4490.919    4493.495
4491.325    4492.641
4491.598    4495.218
4492.147    4496.380
4493.745    4496.097
4495.632    4496.721
4496.066    4499.224
4497.380    4499.117
4497.456    4499.962
4498.829    4502.338
4500.246    4503.809
4503.194    4504.090
4507.436    4513.990
4507.567    4515.347
4507.702    4514.528
4512.137    4515.740
4512.994    4515.524
4513.835    4515.858
4518.463    4519.400
4520.895    4521.448
4521.044    4523.495
4523.183    4523.967
4523.463    4525.908
4525.373    4526.782
4527.988    4529.228
4529.114    4531.787
4530.775    4533.414
4532.529    4534.649
4532.675    4535.289
4534.721    4538.150
4535.448    4539.692
4536.186    4541.148
4542.322    4542.648
4542.630    4543.947
4543.559    4545.842
4544.188    4546.722
4544.376    4547.337
4544.714    4548.078
4547.385    4550.359
4547.975    4551.778
4550.956    4553.198
4555.244    4556.563
4556.344    4557.941
4559.431    4560.128
4560.417    4561.913
4565.021    4574.415
4565.425    4573.278
4567.365    4574.056
4569.436    4573.847
4571.743    4574.233
4573.932    4577.145
4574.242    4576.973
4574.474    4576.239
4575.971    4576.839
4577.073    4578.498
4580.061    4580.960
4582.022    4584.287
4583.317    4585.466
4587.033    4588.257
4588.600    4588.988
4590.568    4593.064
4591.451    4594.126
4591.470    4595.395
4592.317    4596.628
4594.897    4598.298
4602.291    4607.735
4603.415    4607.843
4603.784    4608.801
4608.249    4610.261
4610.881    4611.772
4612.153    4613.622
4612.193    4614.760
4620.450    4626.241
4620.914    4626.863
4622.740    4627.587
4624.359    4628.798
4624.640    4628.631
4626.762    4628.917
4629.700    4632.422
4633.284    4635.426
4634.453    4635.970
4635.002    4637.634
4635.384    4638.838
4635.703    4639.296
4639.070    4640.392
4642.712    4643.540
4645.435    4646.510
4646.033    4648.945
4648.884    4650.599
4649.601    4651.710
4652.247    4653.477
4652.272    4654.990
4653.158    4656.092
4653.562    4659.199
4655.850    4661.008
4660.541    4662.024
4662.875    4664.436
4666.669    4667.102
4667.362    4669.406
4668.744    4670.189
4670.126    4672.745
4671.757    4673.254
4671.790    4675.320
4676.145    4677.786
4676.228    4679.103
4676.857    4681.185
4677.857    4682.524
4679.103    4683.247
4679.863    4683.382
4684.223    4685.410
4684.963    4686.910
4686.843    4689.519
4688.066    4689.947
4688.989    4691.653
4692.015    4692.722
4692.743    4693.950
4693.020    4696.174
4694.769    4696.622
4698.009    4698.543
4698.220    4699.874
4698.238    4700.605
4698.546    4702.101
4698.894    4704.174
4702.687    4706.231
4705.523    4708.472
4718.322    4725.497
4718.753    4724.247
4723.207    4724.553
4724.209    4726.447
4724.464    4727.146
4727.028    4727.260
4727.687    4728.601
4736.087    4742.829
4736.299    4742.965
4737.939    4748.478
4739.352    4743.548
4745.768    4747.084
4746.386    4747.519
4747.053    4748.365
4751.130    4752.776
4751.138    4751.871
4757.106    4763.035
4757.430    4762.814
4759.582    4765.093
4760.746    4763.760
4762.519    4765.545
4764.282    4765.589
4767.951    4769.112
4767.996    4768.543
4768.185    4770.102
4770.100    4771.166
4770.450    4771.817
4771.778    4772.444
4774.141    4776.489
4774.608    4775.119
4777.250    4780.404
4777.789    4778.801
4780.055    4781.560
4788.871    4794.896
4791.838    4796.304
4792.993    4798.039
4795.050    4797.566
4795.328    4798.750
4796.051    4799.971
4797.638    4800.858
4797.800    4800.674
4802.848    4803.244
4806.812    4814.078
4811.245    4815.760
4817.484    4818.250
4817.866    4819.655
4819.236    4820.924
4819.504    4821.863
4821.102    4822.696
4821.470    4823.952
4822.480    4826.701
4823.196    4827.337
4824.807    4828.200
4826.483    4830.032
4828.338    4830.298
4832.942    4833.850
4833.253    4835.577
4833.541    4836.140
4838.166    4838.380
4839.679    4841.676
4853.046    4859.048
4854.259    4860.332
4857.588    4860.479
4865.680    4873.870
4866.216    4872.116
4866.350    4873.535
4868.139    4874.614
4870.941    4874.715
4871.763    4874.439
4874.012    4875.162
4875.109    4877.336
4875.411    4876.682
4876.652    4876.860
4879.464    4880.724
4882.494    4883.845
4885.486    4886.592
4886.827    4887.919
4890.795    4893.619
4891.912    4896.575
4895.965    4898.057
4897.304    4900.711
4898.072    4901.804
4901.326    4904.767
4902.605    4906.271
4903.244    4908.296
4905.531    4907.646
4909.189    4909.932
4913.059    4918.487
4916.453    4919.674
4923.392    4929.393
4924.701    4929.957
4926.798    4931.077
4928.873    4931.256
4929.179    4932.366
4930.651    4932.890
4931.582    4932.940
4934.101    4935.025
4934.786    4935.967
4935.214    4938.781
4935.808    4938.005
4938.899    4940.543
4940.920    4941.560
4941.048    4942.437
4948.718    4956.604
4950.077    4955.536
4950.101    4955.622
4954.468    4957.512
4956.163    4957.653
4957.423    4958.565
4959.874    4961.062
4960.126    4962.465
4963.119    4964.146
4965.541    4967.175
4965.680    4969.546
4966.368    4970.719
4969.189    4971.192
4969.436    4971.753
4972.386    4973.862
4973.802    4974.263
4982.007    4988.294
4983.279    4988.786
4983.915    4988.578
4987.912    4988.967
4987.936    4989.979
4989.458    4990.426
4990.260    4990.842
4990.741    4992.805
4997.521    5003.531
4998.001    5004.980
5000.698    5006.065
5001.749    5007.608
5002.739    5007.354
5005.420    5008.319
5005.857    5007.836
5006.815    5008.818
5009.683    5011.408
5010.508    5011.784
5011.168    5011.938
5012.845    5016.506
5014.655    5016.305
5017.658    5019.516
5018.444    5019.316
5021.024    5021.429
5023.437    5025.543
5025.131    5027.175
5032.001    5038.255
5038.390    5039.156
5039.085    5039.857
5041.702    5042.177
5042.809    5044.009
5042.917    5047.086
5043.189    5048.917
5043.669    5050.210
5044.134    5050.691
5045.375    5049.378
5048.850    5050.881
5056.868    5063.286
5058.075    5064.279
5060.841    5064.075
5063.269    5065.106
5067.510    5069.451
5068.601    5069.940
5077.462    5083.996
5079.929    5085.176
5080.079    5086.213
5080.412    5086.171
5081.270    5087.115
5081.324    5086.632
5081.933    5086.727
5082.001    5087.716
5086.475    5087.829
5088.804    5089.640
5091.388    5093.654
5092.106    5095.395
5095.318    5096.427
5098.442    5100.212
5103.253    5110.020
5106.721    5111.271
5108.134    5113.689
5108.622    5112.424
5109.881    5114.369
5111.650    5113.449
5112.801    5114.394
5112.820    5115.706
5114.474    5115.185
5115.081    5115.281
5116.038    5117.742
5116.347    5120.686
5119.106    5121.352
5119.475    5121.035
5121.444    5123.131
5131.907    5139.177
5132.444    5138.034
5138.251    5138.864
5138.630    5141.011
5141.695    5144.988
5145.337    5147.160
5146.015    5148.617
5147.206    5149.821
5147.395    5150.955
5147.919    5152.833
5149.829    5153.559
5151.638    5153.112
5154.706    5156.649
5155.698    5156.953
5162.730    5169.649
5164.637    5169.899
5166.391    5170.140
5167.373    5173.725
5168.537    5171.347
5170.942    5173.287
5178.638    5186.655
5180.922    5186.181
5181.890    5188.029
5195.186    5201.969
5195.430    5200.718
5199.514    5202.298
5199.725    5202.544
5204.949    5206.776
5208.097    5208.575
5210.106    5213.618
5211.414    5214.284
5213.752    5215.250
5214.033    5216.052
5216.854    5219.462
5217.661    5220.953
5219.837    5224.109
5221.105    5226.341
5221.541    5226.706
5225.320    5227.792
5226.612    5227.532
5228.702    5229.905
5231.505    5232.466
5231.667    5233.666
5233.648    5234.236
5234.546    5236.634
5239.418    5241.499
5243.728    5247.011
5244.714    5247.706
5249.434    5250.673
5250.006    5251.903
5250.082    5253.593
5252.110    5254.879
5255.147    5256.953
5262.211    5268.240
5263.477    5269.362
5265.512    5270.621
5267.813    5270.040
5268.470    5270.387
5268.954    5271.959
5270.099    5271.426
5272.374    5273.664
5274.096    5276.903
5275.111    5277.846
5277.101    5278.564
5285.858    5291.986
5287.928    5295.514
5294.611    5296.554
5298.733    5300.002
5300.795    5301.919
5301.442    5302.700
5301.749    5304.538
5302.750    5305.208
5305.756    5307.632
5313.026    5319.173
5314.066    5320.200
5315.150    5319.915
5319.279    5321.151
5319.923    5321.031
5320.593    5322.477
5321.060    5323.656
5324.788    5325.967
5328.174    5330.806
5333.197    5334.494
5337.251    5338.561
5345.949    5351.649
5346.962    5354.055
5352.413    5354.611
5352.901    5355.386
5353.824    5356.051
5361.084    5367.223
5374.193    5380.215
5374.595    5381.560
5376.084    5381.199
5377.204    5382.022
5378.094    5382.027
5381.930    5382.340
5383.590    5384.114
5384.812    5385.538
5386.878    5387.391
5386.932    5388.282
5391.824    5397.736
5400.341    5401.193
5403.264    5403.585
5405.554    5407.024
5406.998    5410.475
5407.659    5412.088
5410.554    5413.940
5415.784    5416.810
5420.764    5426.819
5421.008    5426.193
5422.625    5427.574
5432.415    5438.800
5432.771    5438.955
5434.995    5440.307
5441.471    5442.143
5442.521    5443.290
5445.409    5447.486
5449.051    5451.225
5449.267    5454.243
5450.750    5459.504
5452.229    5455.195
5452.896    5456.559
5453.606    5458.449
5454.064    5460.422
5454.705    5458.400
5457.442    5460.300
5467.068    5473.005
5467.417    5473.342
5468.117    5474.270
5471.392    5473.467
5472.246    5475.126
5472.288    5475.800
5473.035    5475.856
5476.600    5478.578
5481.959    5489.553
5483.351    5488.965
5485.416    5489.674
5489.627    5489.794
5491.821    5493.352
5491.838    5491.932
5493.186    5494.101
5493.799    5494.769
5495.469    5498.011
5495.971    5496.951
5497.480    5499.033
5497.935    5499.471
5499.931    5500.366
5502.737    5505.238
5508.844    5515.173
5513.406    5515.998
5515.009    5516.943
5515.520    5518.788
5515.667    5519.250
5515.671    5519.689
5518.505    5521.600
5520.539    5523.832
5521.579    5523.126
5522.062    5524.213
5522.654    5526.023
5522.655    5524.937
5526.229    5527.186
5528.333    5529.351
5528.371    5529.797
5529.888    5533.992
5531.038    5536.156
5534.262    5537.047
5537.138    5538.016
5541.256    5548.075
5543.128    5549.093
5544.802    5549.354
5547.132    5551.855
5548.365    5551.393
5553.443    5557.797
5559.083    5560.955
5560.069    5562.859
5560.237    5565.824
5561.455    5565.762
5561.512    5566.019
5569.550    5575.616
5575.028    5576.113
5575.155    5576.909
5575.868    5579.090
5578.026    5581.925
5578.182    5582.573
5579.016    5583.173
5579.994    5585.218
5580.783    5584.076
5581.243    5585.194
5583.265    5585.831
5586.278    5587.623
5586.781    5589.357
5590.747    5592.453
5592.615    5594.270
5593.799    5595.515
5594.121    5597.864
5594.837    5599.976
5602.227    5603.506
5605.153    5605.942
5605.990    5606.372
5606.682    5607.714
5606.734    5609.773
5607.900    5610.891
5608.508    5612.884
5608.823    5615.422
5608.955    5614.431
5611.138    5615.455
5615.416    5618.146
5620.052    5621.129
5620.427    5621.609
5620.469    5622.619
5623.899    5625.517
5625.928    5627.320
5626.836    5628.673
5629.142    5629.886
5629.529    5630.521
5633.036    5633.889
5633.262    5635.665
5635.563    5637.781
5635.657    5639.786
5638.148    5641.685
5638.189    5643.136
5639.429    5644.121
5643.988    5645.268
5644.131    5646.124
5652.133    5658.350
5652.610    5659.164
5655.988    5659.844
5659.637    5659.822
5660.816    5662.218
5663.073    5664.375
5664.921    5665.469
5666.208    5668.825
5668.636    5670.665
5669.130    5673.206
5672.491    5675.055
5672.922    5675.665
5674.017    5676.773
5676.026    5677.323
5678.629    5679.499
5679.298    5681.735
5691.199    5698.301
5691.314    5697.066
5694.560    5697.571
5694.964    5698.502
5696.727    5699.270
5699.946    5702.200
5703.044    5703.981
5706.947    5707.991
5707.604    5709.571
5708.449    5710.524
5709.555    5712.275
5709.741    5712.832
5711.481    5714.025
5717.739    5722.830
5717.875    5723.888
5721.388    5723.878
5722.249    5725.141
5722.438    5725.418
5726.942    5727.791
5731.980    5738.307
5732.038    5738.450
5732.975    5738.471
5733.579    5738.558
5734.673    5740.256
5738.490    5739.716
5744.378    5751.125
5745.003    5750.402
5748.880    5751.658
5748.904    5753.760
5750.735    5752.494
5754.425    5754.871
5755.773    5757.210
5756.597    5757.971
5756.664    5759.617
5757.803    5760.914
5758.095    5761.902
5758.584    5762.276
5758.878    5762.655
5760.127    5765.198
5762.000    5763.854
5763.260    5764.968
5764.539    5765.639
5764.612    5766.131
5766.347    5767.827
5768.492    5769.476
5771.978    5772.353
5774.339    5774.951
5775.860    5776.736
5782.145    5788.923
5782.528    5787.622
5785.664    5789.718
5787.101    5789.830
5789.341    5790.238
5789.598    5791.000
5789.919    5792.986
5791.847    5793.444
5792.693    5793.805
5793.067    5794.606
5793.271    5794.908
5796.041    5797.653
5796.615    5798.285
5799.601    5800.948
5800.664    5803.252
5800.669    5804.028
5800.719    5806.721
5803.423    5807.064
5803.928    5807.495
5808.078    5809.015
5808.630    5809.363
5808.786    5809.890
5809.722    5812.092
5812.760    5814.505
5812.828    5813.611
5815.911    5817.807
5818.544    5819.694
5818.781    5820.588
5820.884    5822.430
5820.905    5825.605
5821.923    5826.292
5830.416    5837.614
5834.369    5839.096
5836.086    5840.163
5837.245    5840.752
5839.938    5842.791
5843.538    5847.651
5845.597    5848.841
5846.179    5850.501
5847.124    5851.456
5848.690    5852.291
5851.187    5852.574
5851.743    5853.144
5852.976    5854.389
5853.487    5854.540
5853.491    5855.138
5853.568    5854.699
5853.836    5856.469
5854.148    5856.305
5854.715    5858.891
5855.558    5857.306
5858.451    5859.696
5858.591    5859.615
5862.293    5863.566
5865.384    5868.152
5869.240    5871.153
5870.590    5872.816
5871.637    5875.463
5872.170    5876.071
5874.504    5877.057
5876.784    5880.642
5879.732    5882.487
5880.244    5882.726
5882.123    5883.766
5882.196    5884.634
5884.025    5889.079
5885.087    5889.278
5885.988    5889.617
5886.754    5890.566
5888.526    5891.340
5889.955    5891.865
5891.726    5893.583
5893.738    5895.397
5895.147    5897.560
5895.602    5899.332
5897.631    5901.356
5904.207    5904.633
5905.381    5908.010
5906.635    5909.830
5907.487    5911.506
5909.787    5912.207
5910.135    5913.048
5912.330    5913.353
5915.806    5916.667
5916.069    5917.599
5916.662    5918.770
5918.788    5920.146
5922.260    5924.059
5928.051    5934.209
5935.337    5936.018
5936.321    5937.852
5939.811    5940.510
5940.030    5941.605
5945.619    5951.263
5947.262    5952.443
5953.280    5953.774
5956.113    5957.297
5959.467    5960.352
5962.320    5962.628
5962.594    5962.865
5964.799    5966.370
5973.132    5978.416
5975.642    5978.818
5979.143    5980.396
5979.472    5981.816
5980.822    5983.221
5982.819    5984.048
5984.141    5984.852
5984.790    5985.529
5985.173    5988.094
5991.480    5997.576
5996.478    5999.014
5997.328    6000.350
6001.427    6002.171
6001.591    6004.237
6002.397    6006.247
6004.424    6006.819
6005.884    6007.551
6006.234    6008.734
6006.484    6010.009
6009.996    6011.627
6012.728    6013.887
6018.799    6025.060
6024.403    6026.564
6030.007    6036.486
6032.140    6038.508
6034.841    6038.478
6035.781    6041.025
6036.399    6040.283
6037.695    6040.423
6038.134    6041.411
6046.196    6051.519
6048.637    6052.608
6051.131    6053.237
6053.639    6056.117
6053.859    6057.317
6057.133    6058.661
6057.921    6059.758
6060.065    6062.434
6060.426    6062.690
6060.546    6064.307
6063.141    6065.276
6064.702    6066.975
6070.419    6075.806
6077.831    6079.090
6078.596    6081.136
6078.973    6081.924
6079.014    6083.671
6080.437    6084.504
6081.705    6086.117
6083.102    6085.408
6083.914    6085.885
6084.995    6086.005
6085.370    6087.462
6087.091    6089.474
6088.406    6089.218
6089.124    6090.377
6089.349    6092.034
6090.437    6090.629
6091.245    6091.913
6091.424    6092.207
6095.628    6102.688
6095.679    6101.786
6096.898    6102.635
6098.947    6102.518
6103.915    6105.590
6104.076    6104.872
6105.547    6106.473
6108.488    6109.065
6109.420    6111.012
6110.280    6112.584
6114.584    6115.365
6114.901    6119.701
6117.978    6122.230
6122.062    6124.196
6122.544    6126.878
6124.190    6128.613
6124.876    6128.511
6125.130    6130.022
6125.521    6129.429
6126.030    6131.368
6127.388    6131.041
6127.638    6130.771
6129.418    6133.668
6130.807    6131.755
6130.900    6131.797
6130.925    6132.227
6133.665    6137.094
6135.651    6138.030
6136.792    6138.775
6138.589    6140.939
6140.492    6141.735
6141.860    6142.488
6148.223    6155.895
6149.717    6155.416
6154.983    6158.603
6157.036    6158.302
6157.168    6160.057
6157.857    6160.691
6166.680    6172.417
6169.261    6174.315
6172.010    6177.583
6173.343    6176.223
6175.244    6178.232
6175.521    6178.751
6178.018    6179.813
6178.755    6180.744
6181.319    6182.221
6183.122    6183.880
6184.182    6185.603
6185.441    6189.116
6186.889    6190.204
6187.931    6191.670
6190.516    6193.667
6191.859    6195.899
6194.506    6197.592
6195.106    6198.358
6196.299    6199.182
6197.588    6202.658
6198.179    6200.428
6200.731    6203.784
6204.289    6204.681
6205.469    6206.977
6207.587    6208.258
6207.862    6209.311
6213.648    6219.199
6214.270    6220.984
6216.295    6221.809
6216.427    6222.172
6217.150    6222.821
6226.619    6233.846
6231.667    6235.093
6232.734    6236.154
6237.012    6238.611
6238.001    6240.879
6252.861    6258.823
6254.026    6259.093
6257.821    6260.658
6264.208    6270.507
6268.643    6270.759
6270.987    6272.319
6272.775    6275.657
6273.924    6276.325
6274.841    6276.570
6277.490    6280.021
6283.706    6289.899
6286.154    6290.643
6290.787    6292.233
6291.633    6293.250
6291.864    6293.905
6295.619    6298.792
6297.193    6300.781
6298.327    6300.935
6300.332    6301.949
6301.256    6304.400
6302.628    6305.595
6303.473    6308.691
6304.116    6309.981
6310.641    6311.831
6312.165    6313.080
6318.405    6327.014
6320.819    6327.661
6323.824    6328.968
6324.448    6328.312
6327.639    6328.665
6327.857    6330.198
6328.185    6330.393
6330.875    6331.223
6332.398    6332.928
6334.947    6335.271
6336.633    6341.662
6337.266    6344.245
6338.058    6343.408
6342.850    6345.714
6344.746    6345.938
6345.545    6348.336
6348.222    6348.847
6348.547    6350.705
6349.405    6350.151
6349.835    6351.538
6351.252    6352.543
6358.249    6364.302
6358.307    6364.737
6359.165    6365.643
6360.512    6367.143
6363.281    6365.573
6363.553    6366.245
6363.839    6366.194
6366.501    6366.946
6366.656    6368.522
6368.305    6369.742
6370.289    6372.236
6370.888    6371.410
6371.506    6371.630
6373.414    6374.126
6374.496    6374.862
6384.034    6389.916
6384.134    6390.303
6387.485    6391.315
6388.212    6393.438
6388.377    6393.813
6388.757    6392.765
6393.471    6398.310
6397.352    6399.937
6398.753    6401.487
6403.368    6405.595
6405.578    6407.633
6406.528    6409.403
6409.639    6411.839
6412.553    6413.374
6412.886    6414.794
6414.297    6415.271
6417.139    6418.139
6417.246    6420.595
6417.271    6420.926
6418.568    6422.720
6419.210    6425.727
6420.357    6427.772
6422.880    6427.097
6427.170    6428.784
6427.303    6428.205
6435.335    6442.777
6435.718    6441.603
6436.440    6441.904
6440.852    6442.776
6444.585    6445.978
6445.115    6447.775
6445.403    6446.477
6451.027    6458.184
6454.169    6458.822
6457.496    6460.500
6460.236    6463.144
6467.606    6473.573
6468.660    6475.320
6471.351    6475.147
6476.218    6477.217
6477.218    6481.119
6477.594    6479.213
6478.589    6480.837
6486.748    6493.231
6486.906    6493.291
6487.998    6493.771
6490.012    6494.561
6491.641    6494.911
6493.053    6494.279
6493.932    6495.124
6494.523    6496.287
6497.225    6498.254
6502.959    6509.417
6504.666    6510.237
6507.222    6511.763
6511.238    6513.454
6512.596    6515.667
6513.270    6515.777
6514.811    6515.934
6515.985    6517.866
6516.349    6519.256
6517.069    6518.631
6519.536    6520.894
6520.266    6522.457
6521.332    6523.266
6522.175    6523.208
6523.659    6524.373
6525.173    6526.232
6525.188    6526.615
6528.145    6529.180
6531.148    6533.546
6535.857    6536.980
6537.321    6538.472
6537.969    6539.012
6540.178    6542.216
6547.046    6553.002
6549.476    6555.162
6550.908    6555.512
6552.018    6556.416
6554.174    6556.823
6554.749    6558.029
6555.230    6557.745
6555.639    6557.553
6556.047    6559.301
6558.588    6560.325
6560.865    6561.490
6561.056    6561.993
6561.114    6561.989
6561.279    6563.168
6561.329    6564.451
6563.014    6565.169
6564.153    6565.351
6565.343    6566.043
6565.361    6565.570
6565.807    6566.596
6568.819    6569.668
6569.957    6571.081
6572.405    6574.160
6574.205    6575.148
6575.773    6578.309
6583.837    6590.126
6585.927    6591.274
6586.136    6592.104
6586.272    6592.238
6596.874    6602.234
6598.995    6603.623
6604.858    6605.821
6605.646    6607.890
6606.622    6612.666
6606.879    6612.430
6606.935    6613.490
6609.420    6615.334
6609.759    6613.316
6610.052    6616.426
6610.289    6614.988
6610.995    6615.398
6611.164    6614.933
6611.981    6616.134
6612.037    6615.609
6614.610    6615.930
6614.683    6616.413
6615.652    6617.579
6616.836    6617.892
6623.510    6630.514
6625.642    6631.689
6627.202    6631.201
6628.783    6632.563
6640.428    6646.480
6641.110    6648.173
6641.939    6646.840
6643.108    6647.637
6645.718    6647.721
6646.883    6651.397
6652.780    6654.730
6654.424    6656.462
6657.056    6659.053
6658.404    6661.940
6658.681    6664.434
6660.232    6664.772
6660.406    6666.221
6662.972    6666.650
6664.263    6665.982
6664.850    6667.748
6664.992    6666.571
6667.957    6671.055
6667.963    6671.268
6670.599    6671.306
6672.766    6674.174
6674.176    6674.598
6675.170    6676.580
6675.409    6677.973
6677.585    6679.919
6678.411    6683.719
6680.827    6685.917
6682.518    6686.060
6683.582    6686.733
6684.634    6686.928
6685.112    6688.544
6687.377    6688.682
6687.634    6690.844
6688.835    6689.923
6691.753    6692.889
6692.652    6696.664
6698.089    6700.931
6700.288    6702.786
6702.261    6703.320
6703.083    6705.418
6703.104    6707.292
6705.336    6708.539
6706.949    6709.234
6707.141    6710.041
6707.287    6710.281
6708.031    6710.895
6709.362    6711.493
6717.549    6723.943
6719.025    6729.234
6724.193    6730.042
6725.113    6731.590
6728.155    6731.607
6734.196    6734.920
6736.728    6738.115
6738.626    6739.298
6740.562    6742.430
6741.332    6742.578
6743.394    6744.055
6745.059    6746.586
6745.948    6747.350
6749.804    6754.296
6751.187    6755.779
6752.720    6756.797
6753.391    6757.815
6753.506    6758.911
6759.025    6762.205
6765.831    6772.885
6766.596    6773.701
6766.633    6772.355
6766.666    6773.197
6768.107    6774.487
6769.291    6774.125
6774.842    6776.463
6777.866    6779.818
6778.156    6780.571
6779.476    6782.095
6779.506    6783.844
6783.943    6787.679
6785.602    6788.896
6787.975    6790.172
6788.457    6792.274
6789.513    6793.525
6791.920    6794.854
6792.031    6795.090
6792.493    6797.131
6792.863    6797.008
6793.054    6797.680
6796.954    6798.661
6799.404    6799.547
6799.609    6801.805
6801.758    6803.202
6802.466    6803.958
6803.998    6805.564
6806.000    6809.168
6808.029    6809.767
6809.041    6811.212
6816.340    6823.173
6818.300    6824.773
6826.275    6828.684
6828.393    6831.643
6830.170    6834.420
6832.245    6834.988
6833.033    6838.080
6835.283    6840.077
6839.077    6840.410
6842.757    6843.933
6844.163    6845.227
6845.193    6846.741
6847.220    6848.019
6848.859    6850.713
6849.761    6852.022
6850.057    6852.636
6850.438    6853.335
6851.561    6856.216
6854.287    6857.721
6855.223    6858.515
6859.288    6859.727
6859.718    6861.030
6860.377    6861.374
6866.529    6873.075
6868.414    6873.337
6869.979    6874.888
6870.004    6873.945
6870.463    6876.957
6870.670    6875.493
6871.746    6876.316
6874.575    6877.525
6875.476    6878.110
6883.009    6889.196
6886.545    6893.334
6887.208    6894.658
6888.397    6892.624
6889.494    6893.765
6894.092    6896.714
6897.007    6897.802
6897.210    6897.664
6898.258    6900.496
6899.733    6900.419
6905.996    6912.975
6910.730    6916.056
6913.298    6917.328
6915.298    6919.135
6919.617    6921.264
6922.018    6923.492
6922.819    6924.223
6925.485    6926.992
6928.121    6929.326
6931.893    6932.178
6932.060    6933.263
6936.663    6943.727
6938.962    6946.657
6943.927    6948.050
6946.889    6948.552
6947.933    6950.838
6947.947    6953.046
6948.496    6953.024
6948.573    6955.151
6948.583    6954.005
6949.303    6954.169
6950.745    6954.173
6954.623    6958.071
6954.955    6956.039
6956.831    6957.815
6956.919    6960.817
6958.132    6959.034
6959.263    6962.433
6959.285    6963.588
6962.495    6962.851
6963.384    6967.230
6968.589    6969.091
6971.765    6973.592
6973.098    6974.991
6975.393    6976.506
6975.727    6977.095
6975.992    6978.909
6976.676    6979.681
6981.718    6983.036
6982.389    6983.510
6982.669    6984.352
6983.390    6985.563
6984.062    6987.727
6985.171    6990.076
6985.583    6988.423
6986.884    6989.642
6988.969    6990.317
6993.692    6999.846
6994.659    7000.952
6995.506    7001.292
6996.519    7002.848
7000.755    7001.599
7002.118    7005.550
7007.600    7009.292
7007.823    7009.883
7009.411    7010.544
7010.814    7011.670
7016.214    7022.738
7016.232    7023.896
7016.319    7022.512
7016.825    7022.628
7017.568    7024.890
7018.087    7023.917
7018.864    7024.014
7021.540    7023.474
7023.150    7024.948
7023.954    7024.726
7027.561    7028.483
7030.512    7031.428
7035.098    7042.109
7035.507    7041.624
7039.519    7042.449
7041.642    7044.162
7046.004    7048.651
7047.364    7051.639
7049.755    7052.229
7050.761    7053.855
7050.904    7056.546
7052.239    7057.912
7053.981    7059.325
7054.139    7058.442
7056.562    7059.827
7056.758    7060.552
7056.822    7061.076
7058.601    7062.376
7058.879    7061.866
7060.790    7063.620
7060.806    7066.385
7063.841    7065.522
7065.918    7067.075
7066.886    7067.502
7067.644    7067.849
7069.258    7071.010
7070.033    7071.325
7072.716    7072.972
7074.967    7076.429
7076.413    7078.236
7076.733    7080.647
7079.042    7081.317
7081.441    7083.800
7082.215    7085.348
7082.466    7085.817
7089.565    7095.757
7090.863    7097.657
7093.021    7097.884
7097.309    7099.205
7098.630    7099.624
7099.837    7101.574
7100.129    7101.228
7102.598    7104.233
7104.630    7105.849
7105.353    7106.677
7106.007    7108.493
7106.648    7109.902
7108.566    7110.445
7109.486    7110.943
7110.296    7114.868
7110.861    7114.020
7111.293    7114.629
7112.393    7114.911
7112.664    7116.274
7114.106    7117.031
7114.509    7117.600
7117.554    7118.515
7121.231    7121.434
7123.663    7123.950
7125.011    7125.427
7128.704    7134.544
7136.012    7138.137
7137.584    7142.075
7137.844    7142.732
7138.902    7145.061
7140.088    7144.107
7144.317    7146.410
7144.512    7145.761
7145.982    7147.140
7147.151    7149.925
7147.332    7148.967
7148.898    7150.720
7149.790    7152.889
7153.612    7154.667
7153.623    7155.714
7153.795    7155.207
7159.203    7166.468
7160.113    7165.669
7161.264    7166.346
7161.905    7166.574
7162.267    7167.401
7162.545    7166.925
7163.118    7169.485
7163.626    7168.319
7164.015    7167.824
7164.103    7169.131
7165.833    7167.933
7166.337    7168.273
7166.413    7168.227
7169.042    7171.356
7169.117    7170.963
7172.206    7172.629
7172.993    7173.773
7180.526    7187.820
7183.299    7188.386
7183.762    7190.532
7185.249    7189.983
7191.329    7193.013
7191.491    7193.424
7193.319    7193.985
7197.593    7204.978
7198.883    7205.075
7202.957    7206.284
7204.789    7206.216
7208.229    7209.072
7217.727    7223.649
7218.468    7224.203
7218.607    7225.246
7222.453    7226.674
7222.959    7224.753
7223.966    7225.609
7226.056    7227.074
7226.710    7228.883
7231.366    7232.421
7234.489    7235.724
7237.537    7238.545
7237.760    7239.555
7239.134    7241.828
7240.459    7242.888
7242.801    7243.564
7244.572    7244.725
7249.477    7256.485
7253.156    7256.978
7255.133    7258.064
7256.328    7261.112
7257.181    7258.853
7259.182    7260.820
7262.268    7263.528
7262.942    7264.422
7264.745    7268.635
7265.356    7267.103
7266.259    7271.154
7269.464    7270.592
7272.465    7274.258
7272.606    7273.848
7273.833    7274.771
7273.843    7274.651
7275.390    7277.308
7276.066    7276.980
7281.418    7287.274
7281.964    7288.624
7283.103    7288.745
7284.316    7288.619
7284.812    7291.552
7288.753    7290.295
7290.077    7292.003
7293.983    7295.167
7300.596    7306.443
7303.326    7307.861
7303.554    7309.216
7304.476    7309.669
7304.535    7309.728
7310.651    7311.139
7312.188    7313.549
7315.334    7316.008
7317.316    7318.764
7318.423    7319.738
7319.202    7320.584
7325.862    7332.827
7326.144    7332.617
7329.429    7334.092
7331.287    7333.254
7333.189    7333.812
7337.739    7345.612
7338.053    7344.345
7338.090    7344.029
7341.367    7345.200
7342.657    7344.582
7351.493    7359.006
7353.873    7361.539
7355.223    7361.167
7361.910    7362.396
7362.481    7363.586
7363.904    7364.828
7371.279    7378.242
7371.970    7378.253
7375.495    7378.869
7376.437    7381.125
7377.345    7380.473
7379.017    7382.610
7380.617    7381.804
7385.330    7388.360
7385.947    7390.149
7388.991    7390.890
7392.407    7395.703
7395.072    7396.568
7395.145    7397.251
7396.316    7397.844
7398.514    7399.373
7398.692    7399.698
7404.650    7411.212
7405.338    7411.907
7406.356    7413.036
7406.702    7413.994
7406.923    7412.889
7408.965    7412.712
7409.693    7412.615
7411.335    7414.336
7414.023    7415.576
7419.658    7426.521
7421.513    7427.257
7423.549    7428.632
7424.973    7431.192
7425.288    7430.564
7427.843    7429.336
7432.986    7435.181
7435.148    7436.475
7437.642    7439.356
7440.078    7441.713
7443.245    7444.205
7443.480    7446.023
7444.604    7447.895
7447.083    7448.431
7459.340    7465.890
7459.399    7464.785
7459.750    7465.957
7460.371    7466.796
7463.944    7466.624
7469.589    7470.183
7471.202    7472.304
7471.582    7473.047
7473.624    7474.917
7475.098    7476.575
7475.236    7479.272
7482.062    7482.826
7482.680    7483.096
7482.793    7484.597
7485.046    7486.737
7493.136    7498.821
7494.349    7500.127
7495.124    7501.539
7499.523    7501.046
7503.284    7504.974
7506.286    7507.046
7509.849    7512.274
7512.001    7514.846
7525.504    7531.765
7528.983    7532.079
7530.237    7532.894
7532.605    7534.539
7533.531    7535.614
7536.565    7538.278
7537.806    7539.664
7540.443    7541.686
7540.733    7542.798
7541.140    7544.487
7541.266    7546.096
7545.748    7548.224
7547.236    7549.399
7548.905    7551.440
7553.956    7555.635
7555.448    7556.447
7555.465    7558.476
7556.946    7559.641
7557.046    7560.792
7558.970    7561.103
7559.214    7562.110
7562.215    7564.157
7562.344    7565.798
7563.840    7568.027
7565.921    7568.860
7567.647    7569.229
7568.130    7569.530
7568.676    7570.360
7570.278    7571.906
7571.091    7572.915
7575.374    7575.716
7576.104    7577.679
7577.234    7579.561
7579.467    7581.726
7582.863    7583.695
7583.077    7585.183
7583.682    7586.612
7586.982    7588.257
7589.761    7592.085
7595.414    7601.516
7595.948    7602.661
7596.582    7603.730
7599.593    7603.161
7600.233    7603.668
7604.473    7608.106
7604.610    7605.675
7605.719    7606.917
7605.948    7609.065
7608.547    7609.483
7610.733    7611.367
7611.039    7613.151
7612.164    7613.922
7613.157    7614.427
7614.111    7614.848
7615.032    7616.734
7621.567    7628.419
7624.548    7628.972
7628.034    7629.753
7629.162    7630.369
7633.704    7639.265
7633.977    7639.490
7634.841    7642.627
7635.788    7640.472
7636.227    7640.764
7636.259    7642.105
7638.546    7641.220
7641.371    7642.466
7643.418    7645.883
7643.732    7644.446
7648.533    7650.097
7650.080    7652.394
7650.946    7653.122
7652.943    7653.798
7653.024    7657.006
7654.068    7659.237
7655.428    7660.585
7656.591    7661.830
7656.971    7661.297
7658.723    7661.776
7659.255    7663.063
7659.457    7663.584
7660.856    7663.529
7662.051    7664.023
7662.442    7663.876
7667.269    7673.741
7669.956    7675.038
7669.981    7676.166
7670.805    7676.281
7680.079    7686.479
7680.796    7687.854
7680.940    7686.418
7683.710    7688.045
7684.001    7688.638
7685.633    7688.664
7690.402    7691.635
7690.929    7692.952
7696.054    7702.920
7696.243    7702.531
7696.489    7703.290
7696.841    7702.519
7698.499    7702.987
7701.763    7703.561
7702.358    7705.755
7704.204    7705.202
7704.380    7705.796
7706.528    7709.199
7707.805    7708.798
7712.304    7719.591
7712.904    7718.087
7713.649    7719.308
7719.226    7722.965
7723.064    7725.994
7723.297    7728.140
7727.705    7728.904
7728.049    7729.965
7737.447    7744.703
7738.184    7743.623
7739.271    7745.940
7739.857    7745.894
7741.659    7745.626
7742.723    7747.928
7746.194    7746.833
7746.252    7747.376
7752.254    7758.395
7753.080    7759.483
7753.832    7760.137
7754.712    7759.991
7756.620    7762.264
7757.912    7760.325
7758.008    7761.009
7763.600    7764.420
7764.925    7767.537
7768.923    7769.667
7771.313    7773.222
7775.126    7775.731
7775.793    7779.935
7777.388    7781.157
7777.999    7783.798
7779.159    7783.943
7795.282    7802.266
7797.735    7806.079
7813.110    7818.395
7813.271    7819.786
7814.894    7820.103
7815.129    7821.012
7815.795    7820.610
7815.933    7823.009
7816.324    7822.617
7817.891    7822.119
7818.845    7821.718
7825.612    7828.655
7830.872    7832.825
7836.093    7843.112
7838.102    7843.992
7838.436    7845.410
7838.849    7844.411
7839.008    7845.201
7839.190    7845.307
7839.507    7845.656
7843.547    7845.666
7846.899    7847.520
7848.018    7850.315
7853.346    7860.342
7855.056    7861.195
7857.322    7862.305
7857.745    7861.985
7863.593    7867.347
7864.650    7867.634
7865.045    7867.536
7865.350    7869.280
7866.260    7868.666
7867.988    7868.959
7873.225    7878.739
7873.460    7879.610
7873.946    7879.741
7876.629    7880.458
7878.619    7880.894
7878.822    7882.312
7879.314    7881.436
7882.352    7882.806
7883.464    7885.082
7884.706    7885.480
7886.329    7887.180
7886.537    7888.368
7886.562    7890.589
7886.865    7891.926
7887.698    7893.392
7888.583    7892.212
7888.802    7892.996
7890.647    7893.342
7891.274    7893.881
7891.462    7895.049
7895.446    7896.874
7899.822    7901.895
7900.515    7905.068
7900.659    7905.648
7902.604    7906.894
7905.462    7906.523
7906.116    7907.654
7908.368    7908.886
7909.412    7910.553
7910.412    7912.350
7912.016    7914.112
7918.766    7924.218
7921.702    7924.438
7922.670    7925.376
7927.712    7929.194
7929.508    7934.551
7930.212    7936.138
7931.497    7937.633
7931.677    7937.392
7938.709    7940.032
7939.868    7941.159
7942.504    7943.649
7944.602    7948.030
7947.846    7948.439
7948.395    7949.163
7950.346    7951.225
7950.946    7952.038
7950.949    7953.674
7952.861    7953.818
7955.905    7957.338
7956.705    7959.336
7958.436    7960.299
7959.056    7962.980
7959.869    7965.400
7960.415    7964.908
7962.602    7967.702
7963.212    7966.494
7967.910    7968.716
7968.559    7969.926
7968.760    7969.290
7974.873    7982.826
7976.975    7984.720
7978.526    7984.267
7984.458    7985.907
7986.077    7986.512
7986.710    7989.911
7990.851    7991.499
7994.305    7995.729
8000.596    8007.044
8001.268    8008.292
8005.601    8009.737
8006.372    8009.960
8010.956    8013.549
8013.446    8013.965
8016.327    8017.618
8018.959    8020.669
8019.342    8022.959
8020.102    8023.641
8027.422    8033.842
8029.988    8035.508
8031.301    8036.297
8032.782    8036.299
8033.113    8037.465
8034.702    8038.403
8034.901    8038.355
8037.027    8038.642
8038.604    8040.419
8038.820    8041.212
8039.467    8042.620
8041.593    8044.026
8042.823    8044.262
8042.940    8044.935
8045.671    8047.572
8046.244    8047.033
8050.182    8050.533
8052.012    8054.313
8052.537    8055.755
8056.092    8058.367
8057.832    8062.040
8059.510    8063.594
8059.568    8065.121
8061.262    8065.686
8065.476    8066.133
8066.552    8067.774
8068.641    8071.500
8069.136    8072.764
8069.825    8074.978
8073.373    8076.372
8077.082    8077.663
8082.688    8089.387
8083.350    8091.263
8084.069    8090.698
8086.110    8090.628
8086.777    8091.207
8092.654    8093.236
8094.643    8096.348
8096.012    8098.599
8100.475    8101.059
8103.338    8104.199
8105.295    8106.060
8107.376    8111.021
8108.330    8111.808
8109.793    8114.190
8111.378    8114.998
8118.795    8125.386
8125.755    8127.109
8131.511    8138.247
8138.127    8139.212
8139.668    8140.093
8140.796    8142.462
8143.913    8144.469
8148.581    8154.469
8148.759    8154.208
8151.020    8155.890
8154.273    8157.102
8155.100    8156.821
8156.194    8158.240
8165.342    8170.812
8167.746    8173.417
8170.039    8174.834
8172.374    8176.126
8172.917    8175.342
8173.397    8176.918
8174.161    8179.453
8174.931    8179.189
8176.078    8178.121
8177.494    8182.651
8178.960    8180.129
8179.796    8181.428
8180.842    8181.469
8181.753    8183.414
8182.370    8183.700
8185.954    8187.207
8186.185    8188.040
8186.857    8189.046
8187.234    8190.080
8187.415    8191.000
8188.370    8191.255
8189.105    8192.727
8190.795    8191.877
8195.397    8196.021
8196.698    8197.077
8197.897    8198.836
8197.985    8200.807
8201.915    8203.035
8203.364    8207.040
8204.873    8208.648
8207.083    8209.382
8207.509    8210.445
8208.341    8212.095
8217.428    8223.464
8219.368    8224.658
8219.865    8224.853
8220.155    8225.614
8222.913    8225.068
8223.171    8225.313
8225.228    8226.518
8225.266    8228.103
8227.052    8228.154
8227.199    8229.532
8228.486    8231.078
8228.501    8229.526
8230.363    8231.980
8231.916    8232.741
8235.702    8237.048
8238.644    8239.528
8239.555    8240.756
8239.593    8241.987
8246.822    8253.534
8249.681    8255.509
8251.281    8255.264
8257.447    8257.706
8258.737    8260.164
8262.179    8262.520
8270.056    8275.598
8270.600    8276.727
8274.493    8277.355
8277.022    8277.920
8277.033    8279.772
8277.369    8279.700
8277.949    8280.213
8279.519    8280.949
8280.227    8281.989
8280.275    8282.374
8281.808    8282.903
8282.924    8284.546
8283.075    8285.770
8283.852    8288.023
8284.881    8286.040
8285.486    8286.636
8287.991    8292.109
8288.896    8290.153
8292.950    8297.606
8293.804    8298.367
8295.892    8300.207
8299.611    8300.595
8301.061    8301.602
8303.503    8304.260
8304.075    8305.531
8304.387    8306.847
8308.068    8309.962
8310.607    8313.048
8312.490    8313.623
8313.390    8314.256
8313.444    8314.886
8313.475    8315.367
8314.915    8316.508
8316.017    8318.308
8316.829    8318.892
8317.271    8319.141
8317.778    8319.552
8319.297    8320.722
8322.297    8324.340
8325.673    8326.902
8333.538    8340.878
8335.066    8340.411
8335.585    8341.373
8337.289    8342.011
8338.772    8343.025
8349.304    8355.630
8349.754    8355.023
8351.934    8357.618
8352.126    8356.904
8352.164    8358.474
8359.927    8362.343
8360.271    8362.349
8361.910    8364.822
8363.142    8365.504
8364.744    8367.047
8365.033    8365.855
8367.935    8368.564
8368.966    8369.218
8370.959    8371.546
8375.651    8381.588
8376.247    8382.563
8380.647    8384.257
8383.087    8384.199
8389.800    8395.317
8390.063    8396.914
8391.988    8397.318
8394.046    8397.968
8396.567    8397.741
8398.094    8400.723
8401.663    8404.981
8405.363    8409.355
8410.477    8410.901
8415.192    8420.776
8415.479    8423.687
8420.403    8421.719
8420.961    8424.821
8421.319    8424.286
8421.832    8426.265
8424.448    8425.646
8424.932    8426.554
8425.466    8426.632
8426.181    8427.198
8426.487    8428.956
8426.708    8427.350
8427.639    8429.317
8428.417    8430.376
8428.930    8430.280
8436.103    8441.789
8437.979    8442.826
8438.999    8444.969
8441.616    8444.233
8441.655    8444.809
8442.300    8447.316
8444.594    8446.314
8444.618    8447.167
8445.460    8446.772
8451.265    8457.493
8456.008    8460.510
8456.386    8461.839
8457.535    8461.902
8457.627    8463.656
8457.634    8462.616
8461.253    8464.006
8463.306    8465.092
8464.360    8465.060
8468.753    8475.041
8472.297    8477.857
8473.863    8478.324
8474.053    8480.282
8474.538    8479.608
8475.178    8481.180
8481.520    8483.335
8481.629    8482.392
8483.396    8484.034
8484.312    8485.488
8486.849    8487.443
8487.435    8488.780
8488.886    8490.491
8502.004    8508.960
8505.819    8511.320
8506.726    8512.789
8507.475    8513.482
8508.234    8514.469
8509.202    8514.698
8509.269    8515.452
8514.862    8515.944
8517.336    8518.183
8517.742    8518.537
8518.906    8521.254
8519.536    8521.193
8524.635    8530.560
8527.443    8531.265
8527.798    8534.329
8532.238    8534.692
8539.170    8545.357
8539.844    8545.807
8540.083    8545.522
8540.118    8547.028
8540.261    8545.941
8543.557    8545.939
8545.034    8546.673
8545.903    8546.851
8546.494    8546.893
8547.491    8551.266
8548.707    8550.899
8550.275    8552.104
8553.568    8558.122
8555.079    8559.799
8555.243    8560.719
8556.751    8560.651
8559.076    8560.689
8559.824    8562.309
8561.377    8562.373
8563.222    8564.190
8563.238    8565.847
8565.053    8566.304
8568.506    8572.174
8568.862    8573.629
8570.979    8574.265
8572.541    8576.462
8575.218    8577.155
8575.841    8577.189
8576.530    8577.705
8577.548    8579.096
8579.401    8580.284
8582.720    8589.569
8585.110    8591.531
8585.212    8591.367
8585.281    8590.454
8587.279    8591.341
8587.387    8591.008
8588.082    8594.309
8588.306    8592.785
8591.683    8593.435
8592.585    8594.810
8593.196    8595.934
8601.035    8606.869
8601.240    8609.044
8607.889    8609.955
8611.773    8613.218
8612.131    8614.466
8612.538    8615.361
8614.013    8618.515
8615.144    8617.459
8615.503    8618.045
8619.564    8620.588
8624.175    8630.982
8625.719    8632.523
8626.497    8632.159
8626.848    8632.905
8627.440    8632.128
8628.869    8632.812
8629.813    8633.655
8632.786    8634.372
8633.212    8635.014
8635.337    8635.932
8635.558    8636.704
8638.886    8640.781
8639.875    8642.881
8646.791    8653.570
8647.844    8654.782
8649.789    8654.267
8649.872    8656.404
8649.988    8657.868
8653.074    8655.084
8653.838    8655.765
8656.345    8658.772
8662.192    8668.808
8667.111    8669.612
8668.976    8670.059
8670.316    8672.103
8671.812    8673.875
8673.773    8675.917
8675.103    8678.029
8676.013    8678.946
8678.528    8680.447
8685.993    8692.120
8686.887    8693.779
8689.141    8694.363
8690.278    8695.617
8690.472    8695.238
8692.511    8694.874
8692.939    8696.212
8693.416    8695.903
8695.224    8696.043
8696.049    8696.919
8699.599    8699.728
8699.625    8702.079
8700.028    8703.337
8700.778    8703.818
8702.272    8704.442
8705.831    8706.714
8709.655    8710.467
8710.603    8711.905
8712.063    8713.539
8712.580    8714.189
8714.621    8715.957
8719.051    8726.778
8723.468    8728.150
8723.815    8731.920
8724.356    8729.952
8724.939    8730.181
8726.115    8730.953
8727.838    8732.933
8729.014    8731.324
8731.689    8733.234
8731.974    8732.892
8733.546    8736.288
8736.409    8738.075
8737.067    8741.236
8737.471    8742.423
8739.406    8743.939
8740.062    8745.262
8745.262    8746.053
8748.701    8750.500
8749.890    8751.408
8750.151    8753.831
8751.058    8755.025
8751.588    8756.586
8751.772    8755.256
8755.070    8756.674
8756.225    8757.144
8758.578    8758.835
8761.663    8762.730
8767.980    8773.899
8768.436    8775.945
8769.031    8775.982
8770.696    8776.068
8770.915    8777.209
8776.780    8777.143
8776.847    8778.897
8779.009    8779.729
8780.182    8782.045
8783.310    8785.194
8789.193    8797.512
8795.355    8800.584
8797.016    8801.157
8799.980    8801.236
8801.274    8801.904
8801.910    8803.737
8803.563    8804.702
8808.437    8814.078
8810.466    8816.217
8814.298    8817.227
8814.309    8818.860
8816.593    8820.299
8822.314    8823.026
8822.872    8825.946
8827.356    8828.103
8829.214    8830.107
8831.597    8832.716
8832.429    8833.583
8836.477    8838.535
8838.448    8840.680
8839.906    8842.085
8840.706    8844.180
8844.616    8845.060
8852.223    8859.402
8852.790    8859.493
8853.878    8861.292
8854.931    8859.846
8855.162    8861.290
8855.965    8862.619
8861.321    8862.194
8861.905    8864.329
8862.235    8862.502
8864.005    8865.479
8864.893    8866.286
8870.477    8876.282
8870.783    8876.767
8872.264    8877.424
8874.575    8877.806
8877.394    8879.652
8878.349    8879.058
8878.595    8879.683
8879.214    8882.578
8879.290    8880.769
8879.999    8882.195
8881.600    8884.175
8882.089    8884.523
8882.411    8886.136
8886.679    8888.870
8887.472    8888.712
8890.641    8892.634
8891.499    8893.655
8893.954    8895.677
8896.766    8899.774
8898.001    8900.123
8900.655    8902.237
8901.278    8903.198
8906.130    8906.706
8907.896    8911.034
8915.879    8922.125
8915.971    8922.065
8917.756    8924.331
8917.969    8923.027
8918.677    8923.866
8919.384    8925.480
8920.344    8926.341
8920.759    8924.512
8921.326    8924.586
8921.849    8925.784
8927.415    8929.354
8927.990    8929.002
8928.889    8931.951
8928.960    8930.308
8930.720    8931.561
8936.873    8942.899
8939.993    8944.498
8941.978    8948.667
8942.305    8945.714
8945.742    8946.008
8945.992    8947.447
8947.454    8948.914
8947.981    8950.193
8949.921    8950.535
8950.863    8952.382
8956.806    8964.309
8959.037    8965.241
8959.621    8965.465
8961.634    8964.710
8967.253    8970.532
8968.810    8971.388
8969.197    8973.326
8970.646    8974.769
8972.182    8974.751
8974.394    8975.633
8974.493    8977.318
8974.518    8978.041
8975.767    8977.823
8977.806    8978.828
8979.025    8979.222
8981.594    8982.782
8983.665    8985.735
8985.524    8988.733
8986.939    8990.999
8987.786    8991.848
8991.825    8992.201
8993.223    8993.926
8993.244    8998.447
8993.819    8999.352
8994.443    9001.551
8997.406    9001.473
9001.981    9004.536
9002.662    9005.764
9003.954    9005.283
9006.292    9007.694
9007.312    9007.920
9011.085    9017.575
9011.348    9017.636
9012.695    9018.143
9016.153    9018.534
9027.597    9033.051
9029.311    9033.969
9029.359    9035.147
9032.926    9035.748
9044.939    9053.420
9051.254    9056.692
9054.996    9057.796
9055.941    9059.103
9055.954    9060.210
9060.329    9062.093
9061.203    9063.289
9061.767    9064.029
9063.621    9066.866
9063.817    9067.430
9064.736    9068.520
9065.333    9071.784
9068.995    9074.543
9070.706    9074.959
9078.246    9084.832
9085.411    9087.002
9085.526    9089.421
9085.909    9090.067
9086.482    9095.693
9090.603    9097.533
9091.412    9098.539
9092.032    9097.997
9093.371    9099.346
9095.329    9098.498
9097.002    9100.295
9104.785    9110.889
9112.267    9112.545
9112.815    9114.881
9119.195    9128.139
9121.951    9128.393
9122.917    9129.412
9125.262    9128.406
9130.610    9132.103
9130.800    9131.940
9132.197    9133.716
9134.801    9136.230
9135.713    9139.586
9136.328    9140.849
9140.043    9141.382
9140.863    9142.521
9142.911    9146.028
9145.246    9146.815
9148.022    9150.408
9152.334    9152.744
9154.625    9157.232
9160.048    9161.229
9161.568    9162.112
9165.881    9174.209
9166.295    9171.851
9168.097    9173.694
9168.967    9173.365
9190.663    9197.402
9191.827    9200.314
9192.920    9199.866
9194.880    9200.957
9195.241    9201.006
9198.316    9200.364
9206.868    9212.962
9209.687    9213.641
9210.702    9216.689
9211.293    9215.736
9213.749    9218.126
9215.871    9217.599
9217.070    9218.170
9221.691    9227.537
9224.933    9228.554
9225.283    9229.993
9225.410    9233.212
9228.981    9231.814
9232.104    9232.870
9232.160    9236.036
9233.054    9234.704
9234.923    9236.881
9234.973    9237.330
9237.252    9238.467
9242.577    9248.020
9244.254    9251.089
9247.579    9251.398
9248.812    9252.857
9250.171    9254.154
9250.894    9254.903
9251.322    9254.467
9254.876    9258.454
9254.893    9255.254
9257.087    9259.422
9259.428    9260.282
9259.724    9260.251
9260.692    9262.078
9262.150    9262.997
9263.852    9264.137
9264.659    9268.690
9265.527    9269.875
9271.629    9271.864
9274.132    9276.057
9285.280    9290.811
9287.769    9291.655
9290.660    9293.356
9290.709    9292.902
9293.647    9294.895
9294.947    9297.050
9295.733    9297.462
9296.795    9297.979
9301.299    9307.316
9301.694    9309.052
9304.592    9310.440
9306.832    9309.665
9309.575    9311.323
9312.665    9315.045
9315.361    9316.995
9318.707    9321.016
9319.366    9322.992
9320.051    9325.871
9320.335    9325.752
9322.105    9327.740
9325.184    9328.196
9326.448    9327.824
9326.640    9329.784
9329.578    9330.284
9330.760    9331.199
9331.995    9333.891
9333.088    9335.728
9336.993    9339.107
9340.261    9341.270
9341.053    9342.591
9341.419    9344.441
9341.783    9345.028
9345.001    9346.676
9346.388    9349.693
9347.328    9352.851
9351.809    9353.879
9352.904    9356.243
9362.381    9368.534
9366.725    9370.413
9367.690    9371.746
9367.693    9373.858
9368.071    9372.808
9371.397    9374.133
9375.499    9377.182
9380.865    9389.459
9381.879    9387.427
9383.163    9387.909
9383.329    9388.727
9383.645    9389.418
9387.485    9389.360
9389.481    9390.336
9390.160    9391.258
9391.366    9391.694
9393.100    9393.399
9394.117    9394.267
9394.248    9395.872
9394.458    9396.771
9395.899    9397.584
9397.351    9400.342
9407.763    9414.626
9413.202    9415.275
9414.795    9418.267
9414.861    9420.396
9415.704    9423.593
9424.630    9425.690
9425.211    9425.932
9425.523    9427.341
9427.136    9430.129
9427.835    9431.677
9431.269    9433.539
9434.499    9436.066
9435.048    9437.310
9438.513    9439.668
9439.295    9441.138
9442.877    9444.328
9443.818    9445.299
9444.136    9445.730
9448.550    9450.573
9452.897    9454.958
9453.149    9456.110
9454.738    9459.001
9454.931    9459.339
9457.222    9462.584
9457.748    9460.019
9458.205    9462.281
9459.176    9463.484
9460.013    9462.656
9468.783    9475.733
9469.881    9475.698
9473.441    9478.271
9474.393    9479.456
9478.381    9479.212
9481.270    9482.575
9484.493    9486.539
9486.761    9487.141
9487.472    9488.689
9487.922    9490.770
9488.805    9494.635
9489.426    9496.117
9489.800    9496.840
9490.594    9496.151
9491.196    9497.100
9493.027    9497.985
9494.423    9497.552
9497.005    9497.647
9498.300    9499.096
9505.186    9511.959
9508.592    9513.523
9509.622    9514.383
9511.100    9515.673
9512.649    9515.288
9512.765    9515.977
9519.079    9524.555
9520.019    9524.796
9523.186    9525.666
9523.188    9527.415
9523.498    9527.075
9525.308    9528.349
9526.483    9529.583
9527.294    9528.641
9529.062    9531.117
9532.623    9534.205
9533.496    9536.018
9534.599    9537.867
9543.746    9549.843
9543.758    9550.550
9546.143    9550.435
9548.145    9553.314
9550.669    9552.150
9552.217    9554.816
9553.563    9555.024
9554.578    9555.777
9558.057    9558.692
9559.616    9561.565
9561.531    9563.335
9561.806    9564.328
9562.743    9565.881
9562.787    9567.173
9566.371    9567.592
9567.129    9568.447
9568.061    9572.362
9568.421    9573.564
9570.758    9573.321
9571.507    9573.785
9574.226    9574.901
9575.324    9576.392
9577.659    9579.794
9578.380    9581.425
9579.135    9581.791
9582.375    9584.241
9582.882    9586.754
9583.517    9590.855
9594.740    9601.291
9595.308    9601.774
9597.529    9602.865
9598.836    9603.072
9602.412    9603.621
9605.267    9606.704
9613.740    9621.577
9615.367    9621.654
9615.547    9621.777
9620.213    9624.019
9621.277    9623.238
9621.452    9622.895
9621.530    9623.981
9626.932    9628.186
9630.682    9631.731
9639.186    9644.652
9643.766    9645.154
9644.731    9646.927
9647.330    9648.608
9648.832    9651.462
9649.693    9652.039
9654.066    9654.505
9654.520    9655.997
9657.068    9659.717
9659.203    9661.635
9659.797    9662.969
9659.974    9664.502
9661.157    9665.232
9667.505    9668.453
9668.343    9669.878
9670.266    9672.431
9672.621    9673.583
9673.193    9674.491
9674.953    9675.486
9677.202    9678.649
9678.534    9680.175
9679.423    9681.611
9683.567    9686.438
9684.208    9688.637
9685.068    9692.001
9688.445    9689.311
9694.831    9697.009
9696.028    9697.973
9696.727    9701.968
9698.497    9703.270
9700.665    9703.758
9702.443    9704.891
9703.426    9705.759
9706.628    9707.066
9710.823    9716.489
9713.608    9717.973
9718.016    9719.526
9720.492    9722.068
9722.990    9723.231
9725.742    9726.796
9727.495    9728.792
9728.314    9729.220
9732.042    9734.547
9732.721    9736.348
9735.559    9738.054
9737.484    9740.237
9740.900    9741.878
9741.347    9742.564
9742.650    9745.154
9743.449    9748.209
9744.320    9749.039
9746.944    9750.867
9753.271    9756.330
9753.445    9756.507
9757.250    9759.350
9759.756    9761.589
9762.672    9764.541
9763.307    9765.863
9767.089    9767.888
9767.155    9769.258
9767.731    9769.813
9772.350    9774.709
9778.873    9785.068
9780.685    9786.449
9780.743    9786.304
9787.743    9788.110
9789.462    9790.344
9790.460    9791.451
9792.177    9794.200
9794.515    9796.082
9795.637    9798.769
9795.756    9799.019
9797.660    9799.838
9799.357    9802.023
9801.220    9803.190
9801.951    9805.301
9802.348    9805.991
9803.428    9806.937
9808.528    9809.024
9812.032    9818.831
9814.076    9819.922
9819.139    9821.716
9820.342    9822.838
9821.906    9824.121
9826.555    9827.068
9828.386    9831.237
9830.969    9832.453
9834.576    9835.631
9835.725    9839.352
9837.194    9840.016
9840.968    9842.006
9844.887    9845.631
9845.187    9846.142
9845.902    9847.656
9848.460    9850.124
9849.288    9851.939
9851.274    9852.277
9852.055    9853.843
9854.488    9855.211
9856.856    9857.652
9862.316    9868.910
9864.322    9871.263
9867.879    9870.470
9867.949    9872.368
9871.551    9872.300
9874.327    9876.002
9876.241    9877.822
9876.375    9879.561
9877.943    9882.696
9880.994    9885.650
9881.040    9886.838
9886.408    9887.302
9887.420    9890.159
9891.758    9893.395
9893.477    9896.366
9894.612    9899.390
9896.575    9901.394
9898.303    9902.253
9898.960    9903.458
9901.315    9904.166
9902.061    9904.105
9903.672    9904.582
9903.931    9904.458
9904.615    9906.392
9907.907    9908.952
9909.839    9911.064
9913.995    9915.803
9917.778    9919.657
9920.818    9921.714
9929.410    9935.046
9931.565    9935.748
9931.831    9937.098
9932.386    9938.164
9933.193    9939.002
9933.548    9937.827
9937.678    9938.905
9937.948    9938.501
9940.378    9941.076
9943.785    9944.622
9944.388    9944.956
9949.599    9955.644
9952.221    9956.980
9961.362    9968.273
9963.913    9971.457
9965.746    9970.366
9965.887    9971.526
9971.381    9974.696
9971.526    9973.004
9976.703    9977.686
9978.346    9979.827
9984.018    9990.802
9985.039    9991.174
9985.225    9992.086
9987.922    9991.619
9991.056    9992.093
9991.764    9992.857
9992.873    9993.364
9997.685    10004.667
